TR1000|c0_g2	 PF00493.20,MCM
TR1002|c0_g1	 PF01426.15,BAH
TR1003|c1_g1	 NA
TR10071|c0_g1	 NA
TR1007|c0_g2	 NA
TR1007|c0_g3	 NA
TR10080|c0_g1	 NA
TR1008|c0_g1	 PF00569.14,ZZ
TR1009|c0_g1	 NA
TR1009|c0_g2	 PF00610.18,DEP
TR10108|c10_g2	 NA
TR10108|c13_g1	 NA
TR10108|c3_g1	 NA
TR10108|c4_g2	 NA
TR10108|c5_g1	 NA
TR10108|c5_g2	 NA
TR10108|c8_g3	 NA
TR10108|c9_g1	 NA
TR10108|c9_g2	 NA
TR10108|c9_g3	 NA
TR10109|c13_g1	 NA
TR10109|c15_g1	 NA
TR10109|c1_g2	 NA
TR10109|c2_g2	 PF00041.18,fn3;PF00041.18,fn3;PF00041.18,fn3
TR10109|c4_g1	 PF00094.22,VWD;PF08742.8,C8;PF01826.14,TIL;PF00094.22,VWD
TR10109|c6_g1	 PF00094.22,VWD;PF08742.8,C8;PF01826.14,TIL;PF00047.22,ig
TR10109|c9_g1	 NA
TR1010|c0_g1	 PF00400.29,WD40;PF00400.29,WD40;PF00400.29,WD40;PF00400.29,WD40;PF00400.29,WD40
TR1010|c0_g2	 PF00852.16,Glyco_transf_10
TR10110|c5_g2	 PF06733.12,DEAD_2
TR10111|c11_g2	 NA
TR10111|c12_g1	 NA
TR10111|c12_g2	 NA
TR10111|c13_g1	 NA
TR10111|c15_g1	 NA
TR10111|c1_g1	 NA
TR10111|c3_g2	 NA
TR10111|c7_g1	 NA
TR10111|c8_g2	 PF02992.11,Transposase_21
TR10111|c9_g1	 NA
TR10112|c0_g1	 PF00685.24,Sulfotransfer_1
TR10113|c11_g1	 NA
TR10113|c12_g1	 NA
TR10113|c4_g2	 PF03160.11,Calx-beta;PF00092.25,VWA
TR10113|c8_g2	 NA
TR10113|c9_g1	 PF00282.16,Pyridoxal_deC
TR10114|c1_g1	 NA
TR10114|c2_g1	 NA
TR10114|c2_g2	 NA
TR10114|c4_g2	 PF00102.24,Y_phosphatase
TR10114|c4_g3	 NA
TR10115|c10_g1	 NA
TR10115|c2_g1	 NA
TR10115|c6_g1	 NA
TR10115|c8_g1	 PF00025.18,Arf
TR10115|c9_g1	 NA
TR10116|c1_g1	 NA
TR10116|c3_g1	 PF10356.6,DUF2034;PF10356.6,DUF2034
TR10116|c3_g2	 PF10356.6,DUF2034;PF10356.6,DUF2034
TR10116|c4_g1	 NA
TR10116|c7_g1	 NA
TR10116|c8_g1	 NA
TR10116|c9_g1	 NA
TR10117|c10_g2	 NA
TR10117|c12_g1	 NA
TR10117|c17_g1	 NA
TR10117|c3_g1	 NA
TR10117|c6_g1	 NA
TR10117|c7_g1	 NA
TR10118|c0_g1	 NA
TR10118|c3_g2	 NA
TR10119|c2_g1	 NA
TR10119|c3_g1	 NA
TR10120|c11_g1	 NA
TR10120|c18_g1	 NA
TR10120|c21_g1	 NA
TR10120|c25_g1	 NA
TR10120|c9_g1	 NA
TR10121|c0_g2	 NA
TR10121|c14_g1	 NA
TR10121|c2_g1	 NA
TR10121|c2_g2	 NA
TR10121|c5_g1	 NA
TR10121|c6_g2	 NA
TR10121|c7_g1	 NA
TR10121|c8_g3	 NA
TR10122|c6_g2	 NA
TR10123|c0_g1	 NA
TR10123|c22_g1	 NA
TR10123|c2_g1	 PF04819.9,DUF716
TR10123|c2_g2	 PF04819.9,DUF716
TR10123|c6_g2	 NA
TR10123|c7_g1	 NA
TR10123|c7_g3	 NA
TR10123|c9_g1	 PF00531.19,Death
TR10124|c8_g1	 NA
TR10124|c8_g2	 NA
TR10124|c8_g3	 NA
TR10124|c9_g1	 NA
TR10125|c2_g2	 NA
TR10125|c3_g1	 PF00069.22,Pkinase;PF01344.22,Kelch_1;PF13854.3,Kelch_5
TR10125|c4_g2	 PF13415.3,Kelch_3
TR10125|c6_g1	 NA
TR10127|c2_g1	 NA
TR10127|c2_g2	 NA
TR10127|c2_g3	 NA
TR10128|c0_g2	 NA
TR10128|c3_g1	 PF00091.22,Tubulin;PF03953.14,Tubulin_C
TR10129|c10_g1	 PF00450.19,Peptidase_S10
TR10129|c16_g1	 NA
TR10129|c7_g1	 PF00450.19,Peptidase_S10
TR10129|c7_g2	 PF00450.19,Peptidase_S10
TR10129|c9_g2	 NA
TR10130|c2_g1	 NA
TR10131|c16_g1	 NA
TR10131|c3_g3	 PF03299.11,TF_AP-2
TR10131|c4_g3	 PF00503.17,G-alpha
TR10132|c0_g2	 NA
TR10132|c5_g1	 NA
TR10132|c5_g2	 NA
TR10132|c6_g1	 PF02535.19,Zip
TR10133|c0_g1	 NA
TR10133|c0_g2	 NA
TR10133|c1_g1	 NA
TR10133|c6_g1	 NA
TR10133|c7_g1	 NA
TR10133|c8_g2	 NA
TR10133|c9_g2	 NA
TR10134|c11_g1	 NA
TR10134|c1_g1	 NA
TR10134|c1_g3	 NA
TR10134|c1_g4	 PF00069.22,Pkinase
TR10134|c8_g1	 NA
TR10135|c5_g1	 PF00169.26,PH;PF01237.15,Oxysterol_BP
TR10135|c5_g2	 NA
TR10135|c5_g3	 NA
TR10135|c5_g4	 PF08513.8,LisH;PF00400.29,WD40;PF00400.29,WD40;PF00400.29,WD40;PF00400.29,WD40;PF00400.29,WD40;PF00400.29,WD40;PF00400.29,WD40
TR10136|c2_g1	 PF00106.22,adh_short
TR10136|c3_g1	 NA
TR10136|c3_g5	 PF05729.9,NACHT
TR10136|c7_g1	 NA
TR10137|c1_g1	 NA
TR10137|c9_g1	 PF15299.3,ALS2CR8
TR10138|c1_g1	 NA
TR10138|c2_g2	 NA
TR10138|c4_g1	 NA
TR10138|c6_g1	 NA
TR10139|c0_g1	 PF00801.17,PKD;PF00801.17,PKD;PF00801.17,PKD
TR10139|c0_g2	 NA
TR10139|c0_g3	 PF15902.2,Sortilin-Vps10;PF15901.2,Sortilin_C
TR10140|c1_g2	 NA
TR10140|c5_g1	 NA
TR10141|c12_g1	 NA
TR10141|c3_g1	 PF12770.4,CHAT
TR10141|c4_g2	 NA
TR10142|c4_g1	 NA
TR10143|c3_g1	 NA
TR10143|c3_g2	 PF01391.15,Collagen
TR10143|c3_g3	 PF01391.15,Collagen
TR10143|c4_g1	 NA
TR10144|c0_g1	 PF00078.24,RVT_1
TR10144|c1_g1	 PF00092.25,VWA
TR10144|c3_g1	 NA
TR10144|c4_g1	 NA
TR10144|c4_g2	 NA
TR10144|c5_g3	 NA
TR10145|c4_g1	 PF14961.3,BROMI
TR10145|c4_g2	 PF14961.3,BROMI
TR10145|c6_g1	 NA
TR10145|c6_g2	 PF01423.19,LSM
TR10146|c0_g2	 PF13927.3,Ig_3;PF00041.18,fn3
TR10146|c0_g3	 PF13927.3,Ig_3
TR10147|c10_g1	 NA
TR10147|c12_g1	 NA
TR10147|c16_g1	 NA
TR10147|c1_g2	 NA
TR10147|c4_g3	 NA
TR10147|c7_g2	 NA
TR10147|c7_g3	 NA
TR10147|c8_g3	 NA
TR10148|c4_g1	 PF06119.11,NIDO
TR10149|c2_g1	 PF00078.24,RVT_1;PF00665.23,rve
TR10149|c3_g2	 NA
TR10150|c3_g3	 NA
TR10150|c7_g1	 NA
TR10151|c1_g1	 PF00640.20,PID;PF08416.10,PTB
TR10151|c1_g2	 PF00640.20,PID
TR10151|c2_g1	 NA
TR10152|c1_g1	 PF07679.13,I-set;PF00047.22,ig
TR10152|c1_g3	 PF07679.13,I-set;PF07679.13,I-set;PF13927.3,Ig_3
TR10153|c0_g2	 NA
TR10153|c2_g2	 NA
TR10153|c6_g2	 PF00561.17,Abhydrolase_1
TR10153|c7_g1	 PF00076.19,RRM_1
TR10153|c8_g3	 NA
TR10153|c9_g2	 NA
TR10154|c2_g2	 NA
TR10154|c2_g3	 NA
TR10154|c2_g4	 NA
TR10154|c4_g1	 NA
TR10154|c6_g1	 PF00651.28,BTB;PF00651.28,BTB;PF00651.28,BTB
TR10154|c8_g1	 NA
TR10155|c2_g3	 NA
TR10155|c3_g1	 NA
TR10155|c5_g1	 NA
TR10155|c6_g1	 NA
TR10156|c4_g1	 PF09496.7,CENP-O
TR10158|c0_g1	 PF04388.9,Hamartin
TR10159|c13_g1	 NA
TR10159|c1_g1	 NA
TR10159|c5_g1	 NA
TR10159|c9_g1	 NA
TR1015|c0_g1	 PF09743.6,DUF2042
TR10160|c11_g1	 NA
TR10160|c12_g1	 PF13927.3,Ig_3;PF13927.3,Ig_3;PF07679.13,I-set
TR10160|c12_g2	 NA
TR10160|c13_g1	 PF13927.3,Ig_3
TR10160|c17_g1	 NA
TR10160|c18_g1	 NA
TR10160|c20_g1	 PF07679.13,I-set;PF13927.3,Ig_3
TR10160|c21_g1	 NA
TR10160|c22_g1	 PF07679.13,I-set;PF13927.3,Ig_3
TR10160|c3_g1	 NA
TR10161|c0_g1	 NA
TR10161|c1_g1	 NA
TR10162|c0_g2	 NA
TR10162|c2_g1	 NA
TR10162|c3_g1	 NA
TR10163|c0_g1	 NA
TR10163|c1_g1	 PF00076.19,RRM_1
TR10163|c2_g1	 NA
TR10165|c0_g2	 NA
TR10165|c1_g2	 PF08513.8,LisH;PF12894.4,ANAPC4_WD40;PF00400.29,WD40;PF00400.29,WD40
TR10165|c2_g1	 NA
TR10165|c3_g1	 NA
TR10165|c4_g1	 PF00664.20,ABC_membrane;PF00005.24,ABC_tran
TR10165|c5_g1	 NA
TR10166|c0_g1	 PF00665.23,rve
TR10166|c15_g1	 NA
TR10166|c17_g1	 NA
TR10166|c3_g1	 NA
TR10166|c4_g1	 NA
TR10166|c5_g1	 NA
TR10166|c7_g1	 PF00071.19,Ras;PF00168.27,C2;PF00168.27,C2;PF00168.27,C2;PF08372.7,PRT_C
TR10166|c7_g2	 PF08477.10,Roc
TR10167|c4_g1	 NA
TR10167|c4_g2	 NA
TR10167|c5_g1	 NA
TR10168|c0_g1	 NA
TR10168|c1_g2	 PF02671.18,PAH;PF02671.18,PAH;PF02671.18,PAH;PF08295.9,Sin3_corepress
TR10169|c3_g2	 NA
TR10169|c4_g1	 PF09337.7,zf-H2C2;PF00665.23,rve
TR10170|c1_g1	 PF00145.14,DNA_methylase
TR10170|c1_g3	 PF01426.15,BAH
TR10172|c11_g1	 NA
TR10172|c15_g1	 NA
TR10172|c1_g1	 NA
TR10172|c5_g2	 NA
TR10173|c2_g1	 NA
TR10173|c3_g1	 PF00685.24,Sulfotransfer_1
TR10174|c1_g1	 PF00156.24,Pribosyltran
TR10174|c2_g2	 PF04571.11,Lipin_N;PF16876.2,Lipin_mid;PF08235.10,LNS2
TR10174|c3_g2	 NA
TR10175|c3_g1	 PF00117.25,GATase
TR10175|c3_g2	 PF00958.19,GMP_synt_C;PF03151.13,TPT;PF01342.18,SAND;PF00536.27,SAM_1
TR10175|c3_g3	 PF03151.13,TPT
TR10175|c5_g1	 NA
TR10175|c6_g1	 NA
TR10176|c2_g2	 NA
TR10177|c2_g1	 NA
TR10178|c0_g1	 NA
TR10178|c11_g1	 NA
TR10178|c1_g1	 NA
TR10178|c7_g1	 NA
TR10178|c7_g2	 NA
TR10178|c9_g1	 NA
TR10179|c1_g2	 NA
TR10179|c4_g2	 NA
TR10179|c5_g2	 NA
TR10179|c7_g1	 NA
TR10179|c9_g2	 NA
TR10179|c9_g3	 NA
TR1017|c0_g1	 PF10189.6,DUF2356
TR10180|c0_g2	 PF02793.19,HRM
TR10180|c0_g4	 NA
TR10181|c2_g1	 PF00069.22,Pkinase
TR10181|c2_g2	 NA
TR10181|c2_g3	 NA
TR10182|c3_g1	 PF00520.28,Ion_trans
TR10182|c3_g2	 NA
TR10183|c0_g2	 NA
TR10183|c11_g1	 NA
TR10183|c3_g1	 NA
TR10183|c4_g1	 NA
TR10183|c5_g1	 PF08638.8,Med14
TR10183|c6_g1	 PF00069.22,Pkinase;PF00433.21,Pkinase_C
TR10183|c7_g1	 PF07774.10,DUF1620
TR10183|c7_g2	 PF13360.3,PQQ_2;PF07774.10,DUF1620
TR10183|c8_g1	 NA
TR10183|c9_g1	 NA
TR10184|c3_g2	 PF00078.24,RVT_1
TR10184|c4_g2	 PF12738.4,PTCB-BRCT;PF00533.23,BRCT;PF00621.17,RhoGEF
TR10186|c4_g2	 PF12796.4,Ank_2;PF12796.4,Ank_2;PF12796.4,Ank_2;PF12796.4,Ank_2;PF12796.4,Ank_2;PF00090.16,TSP_1
TR10186|c6_g1	 NA
TR10186|c7_g1	 NA
TR10187|c0_g1	 PF01423.19,LSM;PF07074.9,TRAP-gamma
TR10187|c11_g1	 NA
TR10187|c1_g1	 NA
TR10187|c3_g2	 NA
TR10187|c3_g3	 NA
TR10187|c6_g1	 PF15389.3,DUF4612
TR10187|c7_g2	 PF13520.3,AA_permease_2
TR10187|c8_g1	 NA
TR10188|c0_g2	 NA
TR10188|c3_g2	 NA
TR10188|c5_g1	 NA
TR10188|c7_g1	 PF04116.10,FA_hydroxylase
TR10188|c7_g4	 NA
TR10188|c9_g2	 PF08123.10,DOT1
TR10189|c3_g3	 PF00078.24,RVT_1
TR1018|c0_g1	 NA
TR10190|c15_g1	 NA
TR10190|c19_g1	 NA
TR10190|c9_g2	 NA
TR10191|c0_g2	 NA
TR10191|c11_g1	 NA
TR10191|c8_g1	 NA
TR10192|c2_g1	 NA
TR10192|c3_g1	 NA
TR10192|c4_g2	 PF00531.19,Death
TR10192|c9_g1	 PF00531.19,Death
TR10193|c10_g2	 NA
TR10193|c11_g1	 NA
TR10193|c11_g2	 NA
TR10193|c12_g1	 NA
TR10193|c12_g2	 NA
TR10193|c12_g4	 NA
TR10193|c12_g5	 NA
TR10193|c13_g1	 PF01753.15,zf-MYND
TR10193|c15_g1	 NA
TR10193|c20_g1	 NA
TR10193|c4_g1	 NA
TR10193|c5_g2	 NA
TR10193|c8_g1	 PF14737.3,DUF4470
TR10194|c2_g1	 NA
TR10195|c12_g1	 NA
TR10195|c3_g1	 NA
TR10195|c6_g1	 NA
TR10197|c4_g1	 NA
TR10197|c7_g1	 NA
TR10197|c9_g1	 NA
TR10198|c10_g2	 NA
TR10198|c10_g3	 NA
TR10198|c14_g1	 NA
TR10198|c4_g1	 NA
TR10198|c7_g1	 NA
TR10198|c8_g1	 NA
TR1019|c0_g1	 PF03643.12,Vps26
TR10200|c3_g1	 NA
TR10200|c4_g1	 NA
TR10200|c5_g1	 PF00149.25,Metallophos;PF02872.15,5_nucleotid_C
TR10200|c5_g2	 PF00149.25,Metallophos;PF02872.15,5_nucleotid_C
TR10201|c1_g1	 NA
TR10201|c2_g1	 NA
TR10201|c3_g2	 NA
TR10202|c12_g1	 NA
TR10202|c5_g1	 NA
TR10202|c6_g1	 NA
TR10203|c2_g1	 NA
TR10203|c7_g1	 NA
TR10204|c2_g2	 NA
TR10204|c2_g3	 NA
TR10204|c2_g4	 NA
TR10204|c2_g5	 NA
TR10204|c3_g1	 NA
TR10204|c3_g2	 NA
TR10205|c0_g2	 NA
TR10205|c1_g1	 NA
TR10205|c1_g2	 NA
TR10205|c3_g1	 NA
TR10205|c5_g2	 NA
TR10205|c5_g4	 NA
TR10205|c8_g1	 PF00462.21,Glutaredoxin
TR10206|c0_g1	 NA
TR10207|c17_g1	 NA
TR10207|c2_g2	 NA
TR10207|c4_g1	 PF00931.19,NB-ARC
TR10207|c6_g1	 NA
TR10207|c8_g1	 NA
TR10207|c8_g2	 NA
TR10208|c0_g1	 NA
TR1020|c0_g1	 NA
TR10211|c0_g1	 PF12695.4,Abhydrolase_5
TR10211|c0_g2	 NA
TR10215|c0_g1	 NA
TR10219|c0_g1	 PF00328.19,His_Phos_2
TR1021|c0_g1	 PF01105.21,EMP24_GP25L
TR10224|c0_g1	 NA
TR10228|c0_g1	 PF01167.15,Tub
TR10232|c0_g1	 PF00378.17,ECH_1
TR10238|c0_g1	 PF00535.23,Glycos_transf_2
TR10238|c0_g2	 PF00535.23,Glycos_transf_2
TR10250|c0_g1	 NA
TR10250|c0_g2	 NA
TR10257|c0_g1	 NA
TR1025|c0_g1	 PF09790.6,Hyccin
TR10260|c1_g1	 PF04117.9,Mpv17_PMP22
TR10266|c0_g1	 PF00017.21,SH2
TR10276|c0_g1	 NA
TR1028|c0_g1	 PF04146.12,YTH;PF10127.6,Nuc-transf
TR1028|c0_g2	 NA
TR10294|c0_g1	 NA
TR10295|c0_g1	 PF13641.3,Glyco_tranf_2_3
TR10299|c0_g1	 NA
TR10302|c0_g1	 NA
TR10305|c0_g1	 NA
TR1030|c0_g1	 NA
TR1031|c0_g1	 PF05625.8,PAXNEB;PF05625.8,PAXNEB
TR10337|c0_g1	 NA
TR1033|c1_g1	 NA
TR10341|c0_g1	 PF13091.3,PLDc_2
TR10346|c0_g1	 NA
TR1034|c1_g1	 PF03998.10,Utp11
TR10350|c0_g1	 NA
TR10363|c0_g1	 PF00329.16,Complex1_30kDa
TR1037|c0_g2	 NA
TR1039|c0_g1	 PF02759.16,RUN
TR1039|c0_g2	 PF02759.16,RUN;PF00787.21,PX
TR1041|c0_g1	 NA
TR1043|c0_g1	 NA
TR10448|c0_g1	 NA
TR10467|c0_g1	 PF00097.22,zf-C3HC4;PF00643.21,zf-B_box;PF00630.16,Filamin;PF01436.18,NHL;PF01436.18,NHL;PF01436.18,NHL
TR10468|c0_g1	 NA
TR1046|c0_g1	 PF03165.13,MH1;PF03166.11,MH2
TR1047|c1_g1	 NA
TR10481|c0_g1	 PF12678.4,zf-rbx1
TR10481|c1_g1	 NA
TR10485|c0_g1	 NA
TR1048|c0_g1	 PF00787.21,PX
TR1048|c1_g1	 NA
TR10492|c0_g1	 NA
TR1049|c0_g2	 NA
TR1050|c4_g1	 NA
TR1050|c5_g1	 NA
TR10513|c0_g1	 NA
TR10515|c0_g1	 PF13358.3,DDE_3
TR10522|c0_g1	 NA
TR1052|c0_g1	 PF00402.15,Calponin
TR10531|c0_g1	 NA
TR1054|c0_g1	 NA
TR10551|c1_g1	 NA
TR10559|c1_g1	 NA
TR1056|c0_g1	 NA
TR1056|c0_g2	 NA
TR10583|c0_g1	 NA
TR1058|c0_g2	 PF00788.20,RA
TR1058|c0_g4	 PF00788.20,RA
TR10613|c0_g1	 PF00169.26,PH;PF02174.14,IRS
TR1061|c2_g1	 NA
TR1061|c4_g1	 PF00012.17,HSP70
TR10624|c0_g1	 NA
TR10629|c0_g1	 NA
TR1062|c0_g1	 NA
TR10652|c0_g1	 PF01234.14,NNMT_PNMT_TEMT
TR1067|c0_g1	 PF00071.19,Ras
TR10685|c0_g1	 NA
TR1068|c0_g1	 PF02099.14,Josephin
TR1069|c0_g1	 NA
TR10709|c0_g1	 NA
TR10718|c0_g1	 NA
TR1071|c1_g1	 NA
TR10729|c0_g1	 NA
TR10735|c0_g1	 NA
TR10741|c0_g2	 NA
TR10742|c1_g1	 NA
TR10744|c1_g2	 NA
TR10744|c2_g1	 PF06384.8,ICAT
TR1074|c0_g1	 PF02176.15,zf-TRAF
TR10750|c0_g1	 NA
TR10753|c0_g2	 PF05916.8,Sld5
TR10753|c0_g3	 PF05916.8,Sld5
TR10753|c1_g1	 NA
TR10755|c0_g2	 NA
TR10758|c0_g1	 PF00989.22,PAS;PF14598.3,PAS_11
TR10759|c1_g1	 NA
TR10759|c2_g1	 NA
TR1075|c0_g1	 NA
TR10760|c0_g1	 PF02996.14,Prefoldin
TR10762|c0_g1	 PF00147.15,Fibrinogen_C
TR10762|c1_g1	 PF00147.15,Fibrinogen_C
TR10762|c2_g1	 PF00147.15,Fibrinogen_C
TR10766|c0_g1	 NA
TR10767|c0_g1	 PF03144.22,GTP_EFTU_D2;PF03143.14,GTP_EFTU_D3
TR10768|c1_g1	 NA
TR10769|c0_g1	 PF00665.23,rve
TR10769|c1_g1	 NA
TR10769|c2_g1	 PF00078.24,RVT_1
TR10771|c0_g1	 PF01217.17,Clat_adaptor_s
TR10776|c0_g1	 PF08016.9,PKD_channel
TR10777|c0_g1	 PF13833.3,EF-hand_8;PF00071.19,Ras
TR10780|c0_g1	 NA
TR10784|c0_g1	 NA
TR10785|c0_g1	 PF02759.16,RUN
TR10788|c1_g1	 NA
TR10793|c0_g1	 PF00566.15,RabGAP-TBC
TR10794|c0_g1	 PF02845.13,CUE
TR10794|c0_g2	 NA
TR10796|c0_g1	 PF17039.2,Glyco_tran_10_N;PF00852.16,Glyco_transf_10
TR10798|c0_g2	 NA
TR10800|c0_g1	 PF00071.19,Ras
TR10801|c0_g1	 PF06246.9,Isy1
TR10802|c0_g1	 NA
TR10806|c0_g1	 NA
TR1080|c0_g1	 NA
TR10812|c0_g1	 PF00447.14,HSF_DNA-bind
TR10813|c0_g1	 NA
TR10813|c0_g2	 PF00270.26,DEAD;PF00271.28,Helicase_C
TR10813|c0_g3	 PF00271.28,Helicase_C
TR10813|c0_g4	 NA
TR10818|c2_g1	 NA
TR10820|c0_g1	 PF13855.3,LRR_8
TR10821|c0_g1	 NA
TR10825|c0_g1	 PF00651.28,BTB;PF07707.12,BACK
TR10827|c0_g1	 NA
TR10831|c0_g1	 NA
TR10831|c0_g2	 NA
TR10832|c0_g2	 PF00153.24,Mito_carr;PF00153.24,Mito_carr;PF00153.24,Mito_carr
TR10838|c0_g1	 NA
TR10848|c0_g1	 PF00622.25,SPRY
TR10848|c0_g2	 NA
TR10853|c0_g1	 PF00155.18,Aminotran_1_2
TR10867|c0_g1	 NA
TR10870|c0_g1	 PF03118.12,RNA_pol_A_CTD
TR10870|c1_g1	 PF00163.16,Ribosomal_S4;PF01479.22,S4;PF01193.21,RNA_pol_L;PF01000.23,RNA_pol_A_bac
TR10870|c2_g1	 PF00344.17,SecY;PF00861.19,Ribosomal_L18p;PF00410.16,Ribosomal_S8;PF00281.16,Ribosomal_L5;PF00673.18,Ribosomal_L5_C
TR10870|c3_g1	 NA
TR10874|c1_g1	 NA
TR10875|c0_g1	 NA
TR10880|c0_g2	 NA
TR10881|c0_g1	 PF00400.29,WD40;PF00400.29,WD40;PF00400.29,WD40;PF00400.29,WD40
TR10885|c0_g1	 PF13181.3,TPR_8;PF14559.3,TPR_19;PF13181.3,TPR_8;PF13181.3,TPR_8;PF13174.3,TPR_6;PF13424.3,TPR_12
TR10885|c0_g2	 PF14559.3,TPR_19;PF13181.3,TPR_8;PF13181.3,TPR_8;PF13424.3,TPR_12;PF13181.3,TPR_8
TR10886|c1_g1	 NA
TR10893|c0_g1	 NA
TR10894|c1_g1	 PF03030.13,H_PPase
TR10895|c0_g1	 PF01217.17,Clat_adaptor_s
TR10895|c0_g2	 NA
TR10898|c0_g2	 NA
TR10899|c0_g1	 PF00069.22,Pkinase;PF01344.22,Kelch_1
TR1089|c0_g1	 PF01370.18,Epimerase
TR10904|c0_g2	 NA
TR10909|c0_g1	 NA
TR10909|c0_g2	 NA
TR10910|c0_g1	 NA
TR10913|c0_g1	 NA
TR10914|c0_g1	 NA
TR10922|c0_g1	 NA
TR10923|c0_g1	 NA
TR10923|c1_g1	 NA
TR10943|c0_g1	 PF02507.12,PSI_PsaF
TR10959|c1_g2	 PF00667.17,FAD_binding_1
TR10959|c2_g1	 NA
TR10960|c1_g1	 PF02023.14,SCAN
TR10960|c1_g2	 PF00665.23,rve;PF00078.24,RVT_1
TR10960|c4_g1	 NA
TR10961|c3_g3	 NA
TR10961|c4_g1	 NA
TR10961|c7_g1	 NA
TR10961|c8_g4	 NA
TR10961|c8_g6	 NA
TR10961|c8_g7	 NA
TR10962|c1_g3	 PF00530.15,SRCR;PF00530.15,SRCR
TR10962|c7_g1	 NA
TR10963|c0_g1	 NA
TR10963|c1_g1	 NA
TR10963|c2_g1	 NA
TR10963|c3_g2	 NA
TR10963|c4_g1	 NA
TR10963|c5_g1	 NA
TR10963|c7_g1	 NA
TR10964|c0_g1	 NA
TR10964|c10_g1	 NA
TR10964|c11_g1	 NA
TR10964|c12_g1	 NA
TR10964|c13_g1	 NA
TR10964|c13_g2	 NA
TR10964|c23_g1	 NA
TR10964|c3_g1	 NA
TR10964|c8_g1	 NA
TR10965|c0_g2	 PF00102.24,Y_phosphatase
TR10965|c0_g4	 PF13895.3,Ig_2;PF13927.3,Ig_3
TR10966|c0_g1	 NA
TR10966|c0_g4	 PF00041.18,fn3;PF00041.18,fn3;PF00041.18,fn3;PF13927.3,Ig_3
TR10966|c0_g5	 NA
TR10966|c0_g6	 NA
TR10966|c1_g1	 PF13927.3,Ig_3
TR10967|c0_g1	 PF01661.18,Macro;PF02825.17,WWE;PF02825.17,WWE
TR10967|c0_g2	 PF01661.18,Macro;PF02825.17,WWE;PF02825.17,WWE
TR10967|c2_g1	 PF01661.18,Macro;PF02825.17,WWE;PF02825.17,WWE;PF00644.17,PARP
TR10967|c2_g2	 PF00076.19,RRM_1;PF00076.19,RRM_1;PF00076.19,RRM_1
TR10967|c2_g3	 NA
TR10967|c2_g4	 NA
TR10968|c11_g2	 NA
TR10968|c11_g3	 NA
TR10968|c13_g1	 PF00078.24,RVT_1
TR10968|c2_g2	 NA
TR10968|c7_g1	 NA
TR10968|c9_g1	 NA
TR10970|c0_g4	 NA
TR10970|c0_g7	 NA
TR10971|c2_g2	 NA
TR10971|c3_g2	 PF11640.5,TAN;PF00454.24,PI3_PI4_kinase;PF02260.17,FATC
TR10971|c4_g2	 NA
TR10972|c1_g1	 PF00531.19,Death
TR10972|c2_g1	 NA
TR10972|c2_g2	 NA
TR10972|c2_g3	 NA
TR10972|c3_g1	 NA
TR10972|c3_g2	 NA
TR10973|c2_g1	 NA
TR10973|c6_g1	 NA
TR10973|c8_g1	 NA
TR10973|c9_g1	 NA
TR10974|c4_g1	 NA
TR10976|c17_g1	 NA
TR10976|c28_g1	 NA
TR10976|c2_g1	 NA
TR10976|c2_g2	 NA
TR10976|c6_g2	 NA
TR10976|c7_g1	 PF00266.16,Aminotran_5
TR10977|c1_g1	 NA
TR10977|c2_g2	 NA
TR10977|c3_g1	 NA
TR10977|c6_g1	 NA
TR10978|c0_g1	 NA
TR10978|c19_g1	 NA
TR10978|c1_g2	 NA
TR10978|c5_g3	 NA
TR10979|c0_g1	 NA
TR10979|c1_g2	 NA
TR10980|c10_g1	 NA
TR10980|c11_g1	 NA
TR10980|c22_g1	 NA
TR10980|c4_g1	 NA
TR10980|c8_g1	 NA
TR10981|c1_g1	 NA
TR10981|c4_g1	 NA
TR10982|c11_g1	 NA
TR10982|c11_g2	 NA
TR10983|c1_g4	 PF00530.15,SRCR;PF00530.15,SRCR;PF00530.15,SRCR;PF00530.15,SRCR;PF00530.15,SRCR
TR10983|c1_g5	 PF00530.15,SRCR;PF00530.15,SRCR;PF00530.15,SRCR
TR10984|c1_g1	 NA
TR10984|c2_g9	 NA
TR10985|c0_g2	 NA
TR10985|c15_g1	 NA
TR10985|c7_g1	 NA
TR10986|c0_g1	 PF07546.10,EMI;PF00084.17,Sushi;PF00008.24,EGF
TR10986|c0_g2	 NA
TR10986|c0_g3	 PF13927.3,Ig_3;PF13927.3,Ig_3;PF07699.10,Ephrin_rec_like;PF07699.10,Ephrin_rec_like
TR10987|c0_g1	 NA
TR10987|c0_g2	 NA
TR10987|c2_g1	 PF00041.18,fn3
TR10987|c2_g3	 PF00041.18,fn3
TR10987|c2_g4	 NA
TR10988|c13_g1	 NA
TR10988|c3_g1	 PF00931.19,NB-ARC
TR10988|c4_g1	 NA
TR10988|c5_g1	 NA
TR10989|c10_g1	 NA
TR10989|c11_g1	 PF07714.14,Pkinase_Tyr
TR10989|c1_g2	 PF00069.22,Pkinase
TR10989|c3_g2	 PF12796.4,Ank_2;PF00560.30,LRR_1;PF08477.10,Roc
TR10989|c4_g1	 NA
TR10989|c5_g1	 PF01344.22,Kelch_1
TR10989|c6_g1	 NA
TR10989|c7_g2	 NA
TR10989|c8_g2	 NA
TR10989|c8_g3	 PF01344.22,Kelch_1
TR10990|c1_g1	 PF07992.11,Pyr_redox_2;PF02852.19,Pyr_redox_dim;PF07992.11,Pyr_redox_2
TR10990|c3_g2	 NA
TR10991|c16_g1	 NA
TR10991|c17_g1	 NA
TR10991|c2_g1	 NA
TR10992|c1_g1	 NA
TR10992|c3_g1	 NA
TR10992|c5_g2	 NA
TR10992|c5_g4	 NA
TR10992|c5_g5	 NA
TR10993|c1_g2	 NA
TR10993|c8_g1	 NA
TR10993|c9_g1	 NA
TR10994|c4_g1	 NA
TR10994|c7_g1	 NA
TR10994|c8_g1	 NA
TR10994|c9_g1	 NA
TR10995|c0_g1	 NA
TR10995|c7_g1	 NA
TR10995|c7_g3	 NA
TR10995|c8_g1	 PF05729.9,NACHT
TR10995|c8_g2	 NA
TR10995|c8_g4	 NA
TR10995|c8_g5	 NA
TR10995|c8_g6	 PF00531.19,Death
TR10995|c8_g7	 NA
TR10995|c9_g1	 NA
TR10996|c0_g1	 PF03028.12,Dynein_heavy
TR10997|c0_g1	 NA
TR10997|c1_g1	 PF09066.7,B2-adapt-app_C
TR10997|c2_g2	 PF01602.17,Adaptin_N
TR10997|c2_g4	 NA
TR10997|c5_g1	 NA
TR10999|c5_g1	 NA
TR10|c0_g1	 PF04777.10,Evr1_Alr
TR11000|c0_g1	 NA
TR11000|c11_g2	 NA
TR11000|c7_g1	 NA
TR11001|c1_g1	 PF02738.15,Ald_Xan_dh_C2;PF01799.17,Fer2_2;PF00941.18,FAD_binding_5;PF03450.14,CO_deh_flav_C;PF01315.19,Ald_Xan_dh_C;PF02738.15,Ald_Xan_dh_C2
TR11001|c1_g2	 PF01315.19,Ald_Xan_dh_C;PF02738.15,Ald_Xan_dh_C2
TR11002|c0_g1	 NA
TR11002|c2_g1	 NA
TR11002|c4_g1	 NA
TR11002|c5_g1	 NA
TR11003|c16_g1	 NA
TR11003|c19_g1	 NA
TR11003|c3_g1	 NA
TR11003|c6_g2	 NA
TR11003|c9_g1	 NA
TR11003|c9_g3	 PF05978.13,UNC-93
TR11004|c13_g1	 NA
TR11004|c16_g1	 NA
TR11004|c5_g2	 NA
TR11004|c8_g1	 NA
TR11004|c9_g1	 NA
TR11004|c9_g2	 NA
TR11005|c1_g3	 NA
TR11007|c0_g2	 PF01465.17,GRIP
TR11007|c0_g3	 NA
TR11008|c5_g3	 NA
TR11008|c5_g4	 NA
TR11008|c5_g5	 NA
TR11008|c6_g1	 NA
TR11009|c0_g1	 NA
TR11009|c16_g1	 NA
TR11009|c5_g1	 NA
TR11009|c6_g2	 NA
TR11009|c6_g4	 NA
TR11009|c6_g5	 NA
TR11010|c2_g1	 NA
TR11010|c3_g1	 NA
TR11010|c4_g1	 NA
TR11011|c4_g2	 NA
TR11012|c1_g1	 NA
TR11012|c1_g2	 NA
TR11012|c7_g1	 PF13855.3,LRR_8;PF13855.3,LRR_8
TR11012|c7_g4	 PF00023.27,Ank;PF12796.4,Ank_2
TR11012|c7_g5	 PF12796.4,Ank_2
TR11013|c1_g1	 NA
TR11014|c2_g2	 NA
TR11014|c3_g2	 PF13086.3,AAA_11
TR11014|c4_g1	 NA
TR11014|c7_g1	 PF13086.3,AAA_11
TR11015|c10_g1	 NA
TR11015|c11_g1	 NA
TR11015|c15_g1	 NA
TR11015|c16_g1	 NA
TR11015|c17_g1	 NA
TR11015|c19_g1	 NA
TR11015|c2_g1	 NA
TR11015|c3_g2	 NA
TR11015|c6_g1	 NA
TR11015|c7_g2	 PF12796.4,Ank_2
TR11015|c7_g3	 NA
TR11015|c7_g5	 NA
TR11015|c7_g6	 NA
TR11015|c7_g7	 NA
TR11016|c10_g1	 NA
TR11016|c12_g1	 NA
TR11016|c16_g1	 NA
TR11016|c18_g1	 NA
TR11016|c3_g1	 NA
TR11016|c3_g2	 NA
TR11016|c4_g1	 NA
TR11016|c4_g2	 NA
TR11016|c6_g1	 NA
TR11016|c8_g1	 NA
TR11016|c9_g1	 NA
TR11017|c0_g1	 PF00271.28,Helicase_C
TR11017|c4_g2	 NA
TR11017|c5_g1	 NA
TR11017|c7_g1	 NA
TR11018|c2_g1	 NA
TR11018|c9_g1	 NA
TR11019|c10_g1	 NA
TR11019|c11_g1	 NA
TR11019|c20_g1	 NA
TR11019|c5_g2	 NA
TR11019|c8_g1	 NA
TR11019|c8_g5	 NA
TR11019|c8_g8	 NA
TR11020|c5_g1	 NA
TR11020|c5_g4	 NA
TR11021|c0_g1	 NA
TR11021|c1_g2	 NA
TR11021|c1_g3	 NA
TR11021|c1_g4	 NA
TR11022|c0_g4	 NA
TR11022|c0_g5	 PF00307.28,CH;PF00307.28,CH
TR11023|c1_g2	 PF13895.3,Ig_2;PF13927.3,Ig_3;PF00008.24,EGF
TR11023|c1_g5	 PF00092.25,VWA;PF00028.14,Cadherin;PF00028.14,Cadherin;PF00028.14,Cadherin;PF00028.14,Cadherin;PF00028.14,Cadherin
TR11025|c12_g1	 NA
TR11025|c13_g1	 NA
TR11025|c15_g1	 NA
TR11025|c5_g2	 NA
TR11026|c13_g1	 NA
TR11026|c16_g1	 NA
TR11026|c3_g1	 PF00005.24,ABC_tran;PF12698.4,ABC2_membrane_3
TR11026|c7_g1	 PF06602.11,Myotub-related;PF01363.18,FYVE
TR11026|c8_g1	 NA
TR11027|c0_g2	 PF00041.18,fn3;PF00041.18,fn3
TR11027|c13_g1	 PF02793.19,HRM
TR11027|c2_g2	 NA
TR11027|c4_g1	 NA
TR11027|c5_g1	 PF00002.21,7tm_2
TR11027|c5_g2	 PF00002.21,7tm_2
TR11027|c5_g3	 PF00002.21,7tm_2
TR11027|c5_g4	 PF00002.21,7tm_2
TR11027|c7_g3	 PF00002.21,7tm_2
TR11027|c8_g1	 NA
TR11027|c9_g1	 NA
TR11028|c1_g1	 PF12455.5,Dynactin
TR11028|c1_g2	 NA
TR11029|c9_g1	 NA
TR11030|c0_g2	 NA
TR11031|c3_g1	 NA
TR11031|c4_g1	 NA
TR11031|c4_g2	 PF01661.18,Macro
TR11031|c4_g3	 PF01661.18,Macro
TR11031|c4_g5	 PF07292.10,NID
TR11031|c4_g6	 NA
TR11031|c4_g7	 NA
TR11031|c4_g8	 PF01661.18,Macro
TR11031|c5_g1	 NA
TR11032|c2_g3	 PF00022.16,Actin
TR11032|c2_g5	 PF00644.17,PARP;PF08487.7,VIT
TR11032|c3_g1	 NA
TR11033|c0_g2	 NA
TR11033|c0_g3	 PF07728.11,AAA_5;PF07728.11,AAA_5;PF07728.11,AAA_5
TR11033|c0_g4	 NA
TR11033|c0_g5	 NA
TR11034|c10_g1	 NA
TR11034|c5_g1	 NA
TR11034|c5_g2	 NA
TR11034|c8_g2	 NA
TR11034|c9_g1	 NA
TR11034|c9_g3	 NA
TR11035|c10_g1	 PF00531.19,Death;PF05729.9,NACHT
TR11035|c11_g2	 NA
TR11035|c11_g3	 NA
TR11035|c2_g1	 NA
TR11035|c9_g2	 NA
TR11036|c6_g1	 PF03160.11,Calx-beta;PF03160.11,Calx-beta
TR11036|c9_g1	 NA
TR11037|c4_g4	 PF03160.11,Calx-beta;PF03160.11,Calx-beta;PF03160.11,Calx-beta
TR11037|c5_g1	 PF03160.11,Calx-beta;PF03160.11,Calx-beta
TR11037|c7_g1	 NA
TR11038|c6_g1	 NA
TR11039|c10_g2	 NA
TR11039|c11_g2	 PF00536.27,SAM_1
TR11039|c12_g2	 NA
TR11039|c12_g3	 NA
TR11039|c14_g1	 NA
TR11039|c15_g1	 NA
TR11039|c25_g1	 NA
TR11039|c6_g1	 NA
TR11039|c6_g2	 NA
TR11039|c7_g1	 NA
TR11039|c8_g1	 NA
TR11040|c5_g1	 NA
TR11041|c2_g2	 PF00656.19,Peptidase_C14
TR11041|c3_g2	 NA
TR11041|c3_g4	 NA
TR11041|c3_g5	 NA
TR11042|c0_g1	 NA
TR11042|c2_g1	 PF05786.11,Cnd2
TR11042|c3_g1	 NA
TR11042|c4_g1	 PF00078.24,RVT_1;PF09337.7,zf-H2C2;PF00665.23,rve
TR11043|c1_g2	 PF07645.12,EGF_CA;PF07645.12,EGF_CA
TR11043|c2_g1	 PF07645.12,EGF_CA
TR11044|c1_g1	 NA
TR11044|c2_g1	 NA
TR11044|c2_g2	 NA
TR11044|c2_g3	 PF01094.25,ANF_receptor;PF14649.3,Spatacsin_C
TR11044|c3_g1	 NA
TR11045|c4_g1	 NA
TR11046|c1_g1	 NA
TR11046|c2_g1	 NA
TR11046|c3_g1	 NA
TR11046|c3_g2	 NA
TR11046|c4_g1	 NA
TR11046|c6_g1	 PF13499.3,EF-hand_7
TR11047|c1_g1	 NA
TR11047|c2_g2	 NA
TR11047|c3_g2	 PF08357.8,SEFIR
TR11047|c3_g3	 PF08357.8,SEFIR
TR11047|c4_g2	 PF01496.16,V_ATPase_I
TR11047|c7_g1	 NA
TR11048|c4_g3	 NA
TR11049|c12_g1	 NA
TR11049|c5_g1	 NA
TR11049|c6_g2	 PF00041.18,fn3;PF00041.18,fn3
TR11049|c6_g3	 PF00041.18,fn3
TR11049|c6_g5	 PF00041.18,fn3;PF00041.18,fn3
TR11050|c0_g1	 NA
TR11050|c0_g2	 NA
TR11050|c1_g1	 NA
TR11051|c5_g1	 PF01344.22,Kelch_1
TR11051|c5_g2	 NA
TR11052|c0_g2	 NA
TR11052|c2_g1	 PF00078.24,RVT_1
TR11052|c7_g2	 NA
TR11052|c7_g4	 NA
TR11052|c7_g5	 NA
TR11053|c11_g1	 NA
TR11053|c14_g1	 NA
TR11053|c1_g1	 PF10250.6,O-FucT
TR11053|c1_g2	 PF10250.6,O-FucT
TR11053|c4_g1	 PF02198.13,SAM_PNT;PF00178.19,Ets
TR11054|c8_g1	 NA
TR11055|c1_g2	 NA
TR11055|c2_g1	 NA
TR11055|c2_g2	 NA
TR11055|c5_g1	 NA
TR11056|c1_g1	 NA
TR11056|c2_g1	 PF05225.13,HTH_psq;PF03184.16,DDE_1
TR11056|c6_g1	 NA
TR11056|c7_g1	 NA
TR11057|c3_g1	 PF07714.14,Pkinase_Tyr
TR11058|c3_g1	 NA
TR11058|c5_g1	 NA
TR11058|c5_g2	 PF12738.4,PTCB-BRCT;PF00533.23,BRCT
TR11060|c0_g1	 NA
TR11092|c0_g1	 NA
TR11143|c0_g1	 NA
TR11165|c0_g1	 NA
TR11170|c0_g1	 NA
TR11170|c1_g1	 PF00250.15,Forkhead
TR11173|c0_g1	 PF03151.13,TPT
TR11186|c0_g1	 NA
TR11192|c0_g1	 PF00106.22,adh_short
TR11200|c0_g1	 NA
TR11205|c0_g1	 PF12796.4,Ank_2
TR11208|c0_g1	 NA
TR11225|c0_g1	 NA
TR11228|c0_g1	 PF06668.9,ITI_HC_C
TR11238|c0_g1	 NA
TR11243|c0_g1	 NA
TR11260|c0_g1	 NA
TR11274|c0_g1	 NA
TR11274|c0_g2	 NA
TR11277|c0_g1	 NA
TR11279|c0_g1	 NA
TR11279|c1_g1	 NA
TR11285|c0_g1	 NA
TR11287|c0_g1	 PF02176.15,zf-TRAF;PF02176.15,zf-TRAF
TR1128|c0_g1	 NA
TR11293|c0_g1	 PF05916.8,Sld5
TR11316|c0_g1	 NA
TR11317|c0_g1	 PF00338.19,Ribosomal_S10
TR11322|c0_g1	 NA
TR11328|c0_g1	 PF04545.13,Sigma70_r4
TR11368|c0_g1	 NA
TR11424|c0_g1	 PF07847.9,DUF1637
TR11425|c2_g1	 NA
TR11426|c0_g1	 NA
TR11428|c0_g1	 PF00665.23,rve
TR11430|c0_g1	 NA
TR11432|c0_g3	 NA
TR11434|c0_g1	 NA
TR11435|c0_g1	 NA
TR11437|c0_g1	 PF03166.11,MH2
TR11437|c0_g2	 PF03166.11,MH2;PF03165.13,MH1
TR11438|c0_g1	 PF05544.8,Pro_racemase
TR11442|c4_g1	 PF05738.10,Cna_B
TR11445|c0_g1	 PF15019.3,C9orf72-like
TR11452|c0_g1	 NA
TR11453|c0_g1	 NA
TR11455|c0_g1	 NA
TR11458|c1_g1	 NA
TR11458|c2_g1	 NA
TR11460|c0_g2	 NA
TR11461|c0_g1	 NA
TR11464|c0_g3	 NA
TR11468|c0_g1	 PF01980.13,UPF0066
TR11470|c0_g1	 NA
TR11473|c0_g1	 PF04695.10,Pex14_N
TR11477|c0_g1	 PF05405.11,Mt_ATP-synt_B
TR11477|c0_g3	 PF05405.11,Mt_ATP-synt_B
TR11479|c0_g1	 PF03016.12,Exostosin;PF09258.7,Glyco_transf_64
TR11483|c0_g2	 NA
TR11497|c0_g1	 PF00676.17,E1_dh
TR11497|c0_g2	 PF00676.17,E1_dh;PF00676.17,E1_dh
TR11499|c0_g1	 PF01187.15,MIF
TR11501|c0_g1	 NA
TR11509|c2_g1	 NA
TR11516|c1_g1	 NA
TR11516|c2_g1	 NA
TR11541|c0_g1	 PF10660.6,MitoNEET_N;PF09360.7,zf-CDGSH
TR11544|c0_g1	 NA
TR11545|c0_g1	 NA
TR11566|c0_g1	 PF00017.21,SH2;PF07525.13,SOCS_box
TR1156|c0_g1	 NA
TR11616|c0_g1	 NA
TR11632|c0_g2	 NA
TR11649|c0_g2	 NA
TR11657|c0_g1	 PF00383.20,dCMP_cyt_deam_1
TR11664|c1_g1	 NA
TR11667|c0_g1	 PF00076.19,RRM_1
TR11673|c0_g1	 PF10607.6,CLTH
TR11677|c0_g1	 NA
TR11687|c0_g1	 PF10163.6,EnY2
TR11690|c0_g1	 NA
TR11691|c0_g2	 NA
TR11697|c0_g1	 PF13613.3,HTH_Tnp_4;PF13359.3,DDE_Tnp_4
TR11699|c0_g2	 NA
TR116|c0_g1	 PF06910.8,MEA1
TR11700|c0_g1	 NA
TR11700|c0_g2	 PF01257.16,2Fe-2S_thioredx
TR11709|c0_g1	 NA
TR11709|c1_g1	 NA
TR11709|c2_g1	 NA
TR11710|c0_g2	 PF00122.17,E1-E2_ATPase
TR11715|c0_g1	 NA
TR11717|c0_g1	 NA
TR11717|c1_g1	 NA
TR11727|c0_g1	 NA
TR1172|c0_g1	 NA
TR11731|c0_g1	 NA
TR11737|c0_g1	 PF07716.12,bZIP_2
TR11739|c0_g1	 NA
TR11754|c0_g1	 NA
TR11759|c0_g1	 NA
TR11765|c0_g1	 PF00179.23,UQ_con
TR11766|c0_g1	 NA
TR11788|c0_g1	 NA
TR1178|c1_g1	 NA
TR11799|c0_g1	 NA
TR11802|c0_g2	 NA
TR11807|c0_g1	 PF10246.6,MRP-S35
TR11809|c0_g1	 NA
TR11819|c0_g1	 NA
TR11848|c0_g1	 NA
TR11852|c0_g1	 NA
TR11864|c1_g1	 NA
TR11900|c0_g1	 PF15397.3,DUF4618
TR11901|c1_g1	 NA
TR11903|c0_g1	 NA
TR11903|c0_g2	 NA
TR11916|c0_g1	 PF02196.12,RBD;PF02196.12,RBD
TR11952|c0_g1	 NA
TR11963|c0_g1	 NA
TR11964|c0_g1	 PF00012.17,HSP70
TR11986|c0_g1	 PF07856.9,Orai-1
TR12015|c0_g1	 NA
TR12021|c0_g1	 NA
TR12042|c0_g1	 NA
TR12064|c0_g1	 PF15925.2,SOSSC
TR12067|c0_g1	 NA
TR12071|c0_g1	 NA
TR120|c0_g1	 PF02469.19,Fasciclin
TR12126|c0_g1	 PF00650.17,CRAL_TRIO
TR12132|c0_g1	 NA
TR12133|c0_g1	 NA
TR12148|c0_g1	 NA
TR12154|c0_g1	 NA
TR12174|c0_g1	 NA
TR12178|c0_g1	 PF01243.17,Pyridox_oxidase;PF10590.6,PNPOx_C
TR1217|c0_g1	 PF00297.19,Ribosomal_L3
TR12180|c0_g1	 NA
TR1218|c0_g1	 NA
TR121|c0_g1	 NA
TR12228|c0_g1	 NA
TR12250|c0_g1	 NA
TR12268|c0_g1	 PF06159.10,DUF974
TR12268|c0_g2	 PF06159.10,DUF974
TR12280|c0_g1	 NA
TR12281|c0_g1	 NA
TR12284|c0_g1	 NA
TR12292|c1_g1	 NA
TR12297|c0_g1	 NA
TR12299|c1_g1	 PF03144.22,GTP_EFTU_D2;PF03143.14,GTP_EFTU_D3
TR12307|c0_g1	 NA
TR12309|c0_g1	 NA
TR12325|c1_g1	 NA
TR12328|c0_g1	 PF13637.3,Ank_4
TR12331|c0_g1	 NA
TR12338|c0_g1	 NA
TR12405|c0_g1	 NA
TR12405|c0_g2	 NA
TR1240|c0_g1	 NA
TR12423|c0_g1	 NA
TR12427|c0_g1	 NA
TR12442|c0_g1	 NA
TR12456|c0_g1	 NA
TR12466|c0_g1	 NA
TR12466|c2_g1	 NA
TR12488|c0_g1	 NA
TR12490|c3_g1	 NA
TR12502|c1_g1	 NA
TR12505|c0_g1	 PF00665.23,rve
TR12519|c1_g1	 NA
TR12522|c0_g1	 NA
TR12523|c0_g1	 NA
TR12536|c0_g1	 NA
TR12546|c0_g1	 PF05856.9,ARPC4
TR12558|c0_g1	 NA
TR12566|c0_g1	 NA
TR12572|c0_g1	 NA
TR12576|c0_g1	 NA
TR12588|c0_g1	 NA
TR12590|c0_g1	 NA
TR12591|c0_g1	 NA
TR125|c0_g1	 PF03226.11,Yippee-Mis18
TR1261|c0_g1	 NA
TR12686|c0_g1	 PF01918.18,Alba
TR12701|c0_g1	 NA
TR12703|c0_g1	 NA
TR12739|c0_g1	 NA
TR12744|c0_g1	 NA
TR1276|c0_g1	 NA
TR12781|c0_g1	 NA
TR12788|c0_g1	 NA
TR12799|c0_g1	 NA
TR12799|c2_g1	 NA
TR12813|c0_g1	 NA
TR12831|c0_g1	 NA
TR12840|c0_g1	 NA
TR12873|c0_g1	 NA
TR12895|c0_g1	 NA
TR12918|c0_g1	 NA
TR12920|c0_g1	 NA
TR12923|c0_g1	 PF00022.16,Actin
TR12924|c0_g1	 NA
TR12943|c0_g1	 NA
TR12955|c0_g1	 NA
TR12961|c0_g1	 NA
TR12962|c0_g1	 PF01327.18,Pep_deformylase
TR12985|c1_g1	 PF14204.3,Ribosomal_L18_c
TR12996|c0_g1	 PF08234.9,Spindle_Spc25
TR12|c0_g1	 PF05368.10,NmrA
TR13022|c0_g1	 NA
TR1302|c0_g1	 NA
TR13033|c0_g1	 NA
TR13044|c0_g1	 PF00884.20,Sulfatase
TR13045|c0_g1	 PF00856.25,SET
TR13046|c0_g1	 NA
TR13051|c0_g1	 NA
TR13052|c0_g1	 NA
TR13054|c0_g1	 PF03160.11,Calx-beta;PF03160.11,Calx-beta;PF03160.11,Calx-beta;PF07714.14,Pkinase_Tyr
TR13062|c0_g1	 NA
TR13080|c0_g1	 NA
TR13085|c1_g1	 NA
TR13087|c0_g1	 NA
TR13094|c0_g1	 NA
TR13097|c0_g1	 PF00466.17,Ribosomal_L10
TR13128|c0_g1	 NA
TR13140|c0_g1	 NA
TR13141|c1_g1	 NA
TR13141|c3_g1	 NA
TR13142|c0_g2	 PF02415.14,Chlam_PMP;PF02415.14,Chlam_PMP;PF02415.14,Chlam_PMP
TR13143|c1_g1	 PF10240.6,DUF2464
TR13144|c0_g1	 PF00098.20,zf-CCHC
TR13147|c0_g1	 NA
TR13152|c3_g3	 NA
TR13155|c0_g1	 NA
TR13159|c0_g1	 PF00118.21,Cpn60_TCP1
TR13161|c0_g2	 NA
TR13162|c1_g1	 NA
TR13163|c0_g1	 PF05620.8,DUF788
TR13167|c0_g3	 NA
TR13173|c0_g1	 NA
TR13180|c0_g1	 NA
TR13180|c0_g2	 NA
TR13181|c0_g1	 PF00561.17,Abhydrolase_1
TR13183|c0_g2	 NA
TR13188|c1_g1	 NA
TR13188|c1_g2	 NA
TR13192|c0_g1	 PF00531.19,Death;PF01302.22,CAP_GLY;PF00013.26,KH_1;PF00013.26,KH_1
TR13192|c0_g2	 PF01302.22,CAP_GLY;PF00013.26,KH_1;PF00013.26,KH_1
TR13192|c1_g1	 NA
TR13195|c2_g1	 NA
TR13195|c4_g1	 NA
TR13196|c0_g2	 NA
TR13200|c0_g1	 NA
TR13201|c0_g1	 NA
TR13204|c0_g1	 PF15391.3,DUF4614
TR13211|c2_g1	 PF01652.15,IF4E
TR13212|c0_g2	 NA
TR13212|c2_g1	 NA
TR13213|c0_g1	 PF00004.26,AAA;PF08542.8,Rep_fac_C
TR13214|c0_g1	 NA
TR13219|c0_g1	 PF13855.3,LRR_8;PF00612.24,IQ;PF00612.24,IQ;PF00612.24,IQ
TR13219|c1_g2	 PF00612.24,IQ;PF00612.24,IQ;PF00612.24,IQ
TR1321|c0_g1	 NA
TR13220|c0_g1	 NA
TR13238|c0_g1	 NA
TR13242|c0_g1	 NA
TR13251|c0_g1	 NA
TR13261|c0_g1	 NA
TR13274|c0_g1	 NA
TR13306|c1_g1	 NA
TR13309|c0_g1	 PF10204.6,DuoxA
TR13321|c1_g1	 NA
TR13323|c0_g2	 NA
TR13332|c1_g1	 NA
TR13338|c0_g2	 NA
TR13347|c0_g1	 NA
TR1335|c0_g1	 NA
TR13377|c0_g1	 NA
TR13378|c0_g1	 PF00443.26,UCH
TR13390|c0_g1	 PF02469.19,Fasciclin
TR13395|c0_g1	 NA
TR13396|c0_g1	 NA
TR13409|c0_g1	 PF01436.18,NHL
TR13414|c0_g1	 NA
TR13417|c0_g1	 NA
TR13427|c0_g1	 NA
TR13444|c0_g1	 NA
TR13446|c0_g1	 PF02518.23,HATPase_c
TR13450|c0_g1	 NA
TR13452|c0_g1	 NA
TR13463|c0_g1	 NA
TR1346|c0_g1	 PF00270.26,DEAD;PF00271.28,Helicase_C
TR13473|c0_g1	 NA
TR13482|c0_g1	 NA
TR13485|c0_g1	 NA
TR13515|c0_g1	 NA
TR13516|c0_g1	 NA
TR1351|c1_g1	 NA
TR13526|c0_g1	 NA
TR13528|c0_g1	 NA
TR13534|c1_g1	 PF04670.9,Gtr1_RagA
TR13544|c0_g1	 NA
TR13550|c0_g1	 NA
TR13573|c0_g1	 NA
TR13589|c0_g1	 NA
TR13601|c0_g1	 NA
TR13606|c0_g1	 NA
TR13618|c0_g1	 NA
TR13634|c1_g1	 NA
TR13638|c0_g1	 NA
TR13642|c0_g1	 NA
TR1364|c0_g2	 NA
TR13657|c1_g1	 NA
TR13658|c0_g1	 NA
TR13658|c10_g1	 NA
TR13658|c17_g1	 NA
TR13658|c2_g1	 NA
TR13658|c5_g1	 NA
TR13658|c5_g2	 NA
TR13658|c6_g1	 NA
TR13658|c8_g4	 NA
TR13659|c0_g1	 PF03160.11,Calx-beta;PF03160.11,Calx-beta;PF03160.11,Calx-beta
TR13659|c3_g1	 NA
TR13660|c1_g1	 NA
TR13660|c4_g1	 NA
TR13660|c4_g3	 NA
TR13660|c5_g1	 PF00271.28,Helicase_C
TR13660|c5_g2	 NA
TR13660|c6_g1	 NA
TR13660|c7_g1	 NA
TR13661|c2_g2	 PF00665.23,rve
TR13662|c2_g1	 NA
TR13662|c3_g2	 PF01902.14,Diphthami_syn_2;PF01042.18,Ribonuc_L-PSP
TR13662|c5_g1	 NA
TR13663|c0_g2	 PF00634.15,BRCA2;PF09169.7,BRCA-2_helical;PF09103.7,BRCA-2_OB1;PF09121.7,Tower;PF09104.7,BRCA-2_OB3
TR13663|c0_g3	 NA
TR13664|c1_g2	 PF00665.23,rve;PF00098.20,zf-CCHC
TR13665|c10_g1	 NA
TR13665|c13_g1	 NA
TR13665|c2_g1	 NA
TR13665|c2_g2	 NA
TR13665|c4_g1	 NA
TR13665|c8_g2	 NA
TR13665|c9_g2	 NA
TR13666|c10_g1	 NA
TR13666|c1_g1	 NA
TR13666|c4_g2	 NA
TR13666|c5_g1	 NA
TR13667|c12_g4	 NA
TR13667|c16_g1	 NA
TR13667|c25_g1	 NA
TR13667|c8_g1	 NA
TR13667|c8_g2	 NA
TR13669|c7_g2	 NA
TR13670|c16_g1	 PF16095.2,COR
TR13670|c17_g1	 NA
TR13670|c3_g1	 NA
TR13670|c4_g2	 NA
TR13670|c4_g3	 NA
TR13670|c6_g1	 NA
TR13670|c6_g4	 NA
TR13671|c14_g1	 NA
TR13671|c14_g2	 NA
TR13671|c17_g2	 NA
TR13671|c18_g1	 NA
TR13671|c1_g1	 NA
TR13671|c1_g2	 NA
TR13671|c2_g1	 NA
TR13671|c6_g2	 NA
TR13671|c7_g1	 NA
TR13672|c3_g1	 NA
TR13672|c3_g6	 PF01421.16,Reprolysin;PF00200.20,Disintegrin;PF08516.9,ADAM_CR;PF07974.10,EGF_2;PF00090.16,TSP_1
TR13672|c3_g7	 NA
TR13673|c0_g1	 NA
TR13673|c0_g2	 PF01394.17,Clathrin_propel;PF01394.17,Clathrin_propel;PF01394.17,Clathrin_propel;PF09268.7,Clathrin-link;PF13838.3,Clathrin_H_link;PF00637.17,Clathrin;PF00637.17,Clathrin;PF00637.17,Clathrin;PF00637.17,Clathrin;PF00637.17,Clathrin;PF00637.17,Clathrin;PF00637.17,Clathrin
TR13674|c1_g1	 NA
TR13674|c2_g2	 NA
TR13674|c2_g3	 PF02415.14,Chlam_PMP;PF02415.14,Chlam_PMP;PF02415.14,Chlam_PMP
TR13674|c3_g1	 NA
TR13674|c6_g1	 PF02415.14,Chlam_PMP;PF02415.14,Chlam_PMP
TR13675|c0_g1	 NA
TR13675|c0_g2	 NA
TR13675|c2_g2	 NA
TR13675|c3_g3	 PF00530.15,SRCR;PF00530.15,SRCR
TR13675|c3_g4	 PF00047.22,ig
TR13675|c6_g1	 NA
TR13677|c2_g1	 PF00403.23,HMA;PF00403.23,HMA;PF00403.23,HMA
TR13677|c2_g2	 PF00702.23,Hydrolase
TR13677|c4_g1	 NA
TR13678|c0_g1	 PF00530.15,SRCR
TR13678|c6_g1	 PF00530.15,SRCR
TR13679|c10_g1	 NA
TR13679|c10_g2	 NA
TR13679|c12_g1	 NA
TR13679|c18_g1	 NA
TR13679|c19_g1	 NA
TR13679|c2_g2	 PF07690.13,MFS_1
TR13679|c3_g1	 NA
TR13679|c5_g2	 NA
TR13679|c6_g2	 NA
TR13679|c7_g2	 NA
TR13679|c9_g1	 NA
TR13679|c9_g2	 NA
TR13680|c19_g1	 NA
TR13680|c3_g1	 NA
TR13680|c5_g1	 PF00009.24,GTP_EFTU;PF03143.14,GTP_EFTU_D3
TR13680|c5_g2	 NA
TR13680|c6_g1	 NA
TR13680|c7_g1	 NA
TR13680|c7_g2	 NA
TR13681|c0_g2	 NA
TR13681|c3_g1	 PF00147.15,Fibrinogen_C
TR13681|c3_g2	 PF00147.15,Fibrinogen_C
TR13681|c5_g1	 NA
TR13682|c23_g1	 NA
TR13682|c5_g1	 NA
TR13682|c7_g1	 NA
TR13682|c8_g1	 PF04112.10,Mak10
TR13683|c1_g1	 NA
TR13683|c3_g1	 PF12807.4,eIF3_p135;PF15044.3,CLU_N;PF05303.9,DUF727;PF13236.3,CLU
TR13684|c17_g1	 NA
TR13684|c7_g1	 NA
TR13684|c7_g3	 NA
TR13684|c9_g1	 NA
TR13685|c3_g1	 NA
TR13685|c7_g2	 NA
TR13685|c7_g4	 NA
TR13685|c7_g6	 PF03770.13,IPK;PF16078.2,2-oxogl_dehyd_N;PF00676.17,E1_dh;PF02779.21,Transket_pyr
TR13686|c15_g1	 NA
TR13686|c2_g1	 NA
TR13686|c5_g1	 NA
TR13686|c5_g2	 NA
TR13686|c6_g1	 NA
TR13686|c7_g1	 NA
TR13686|c8_g1	 NA
TR13687|c0_g2	 PF08477.10,Roc
TR13687|c6_g1	 NA
TR13688|c6_g2	 NA
TR13688|c7_g1	 NA
TR13688|c7_g2	 NA
TR13688|c7_g3	 NA
TR13688|c8_g1	 NA
TR13690|c0_g2	 NA
TR13690|c0_g4	 PF08385.9,DHC_N1
TR13690|c0_g5	 PF03028.12,Dynein_heavy
TR13691|c0_g1	 PF08393.10,DHC_N2
TR13691|c6_g5	 PF12777.4,MT;PF12781.4,AAA_9;PF03028.12,Dynein_heavy
TR13692|c1_g2	 NA
TR13692|c4_g2	 PF03160.11,Calx-beta;PF03160.11,Calx-beta
TR13693|c10_g1	 NA
TR13693|c11_g1	 NA
TR13693|c15_g1	 NA
TR13693|c2_g2	 PF12796.4,Ank_2;PF08477.10,Roc;PF16095.2,COR;PF07714.14,Pkinase_Tyr
TR13693|c4_g1	 NA
TR13693|c4_g3	 NA
TR13693|c4_g4	 NA
TR13693|c7_g1	 NA
TR13693|c8_g2	 PF07714.14,Pkinase_Tyr
TR13693|c8_g3	 PF08477.10,Roc;PF16095.2,COR
TR13693|c9_g1	 PF00791.17,ZU5
TR13694|c2_g2	 NA
TR13694|c2_g3	 NA
TR13695|c6_g1	 PF00084.17,Sushi
TR13695|c7_g1	 NA
TR13695|c7_g3	 NA
TR13695|c7_g4	 NA
TR13695|c9_g1	 NA
TR13695|c9_g3	 NA
TR13696|c0_g2	 NA
TR13696|c12_g1	 NA
TR13696|c2_g1	 PF13975.3,gag-asp_proteas;PF00078.24,RVT_1;PF00665.23,rve;PF00665.23,rve
TR13696|c4_g1	 NA
TR13696|c5_g2	 NA
TR13697|c5_g1	 NA
TR13698|c5_g1	 NA
TR13698|c8_g1	 NA
TR13699|c10_g1	 NA
TR13699|c2_g2	 NA
TR13699|c6_g1	 NA
TR13699|c9_g1	 NA
TR13700|c0_g2	 PF12796.4,Ank_2;PF13857.3,Ank_5
TR13701|c0_g1	 NA
TR13701|c10_g1	 PF16095.2,COR;PF07714.14,Pkinase_Tyr
TR13701|c2_g1	 PF01813.14,ATP-synt_D
TR13701|c3_g1	 NA
TR13701|c4_g1	 NA
TR13701|c4_g2	 NA
TR13701|c5_g1	 NA
TR13702|c0_g2	 PF09786.6,CytochromB561_N
TR13702|c1_g2	 NA
TR13702|c1_g3	 PF03097.15,BRO1
TR13703|c1_g1	 NA
TR13703|c2_g2	 NA
TR13703|c3_g2	 PF00076.19,RRM_1
TR13703|c3_g3	 PF00076.19,RRM_1
TR13703|c4_g3	 PF08477.10,Roc;PF16095.2,COR
TR13703|c4_g5	 NA
TR13703|c5_g1	 NA
TR13703|c7_g1	 NA
TR13704|c2_g2	 PF01391.15,Collagen;PF01391.15,Collagen;PF01391.15,Collagen
TR13704|c2_g3	 NA
TR13705|c1_g1	 NA
TR13705|c2_g3	 PF13087.3,AAA_12
TR13706|c0_g2	 NA
TR13706|c3_g2	 NA
TR13706|c5_g1	 NA
TR13706|c6_g3	 NA
TR13707|c2_g1	 NA
TR13707|c2_g2	 NA
TR13707|c5_g1	 PF00071.19,Ras;PF00651.28,BTB
TR13708|c1_g1	 NA
TR13708|c2_g2	 PF13927.3,Ig_3;PF13927.3,Ig_3
TR13708|c3_g1	 PF07679.13,I-set;PF00047.22,ig;PF07679.13,I-set;PF13927.3,Ig_3;PF13927.3,Ig_3
TR13708|c4_g1	 PF13927.3,Ig_3;PF13927.3,Ig_3
TR13709|c10_g1	 NA
TR13709|c13_g1	 NA
TR13709|c1_g2	 NA
TR13709|c2_g1	 NA
TR13709|c2_g2	 NA
TR13709|c6_g1	 NA
TR13710|c0_g2	 NA
TR13710|c10_g1	 PF00013.26,KH_1;PF00013.26,KH_1;PF00013.26,KH_1;PF00013.26,KH_1
TR13710|c2_g2	 NA
TR13711|c0_g1	 NA
TR13711|c1_g1	 NA
TR13711|c2_g1	 PF00378.17,ECH_1
TR13711|c2_g2	 PF00378.17,ECH_1
TR13712|c2_g1	 NA
TR13712|c2_g3	 PF00098.20,zf-CCHC
TR13712|c2_g4	 PF00078.24,RVT_1
TR13713|c13_g1	 NA
TR13713|c2_g1	 NA
TR13713|c9_g1	 NA
TR13714|c0_g3	 NA
TR13714|c0_g4	 NA
TR13714|c0_g5	 PF10479.6,FSA_C;PF10479.6,FSA_C;PF10479.6,FSA_C
TR13715|c5_g1	 PF00008.24,EGF;PF00008.24,EGF;PF00008.24,EGF;PF00008.24,EGF;PF00008.24,EGF;PF02210.21,Laminin_G_2;PF00008.24,EGF;PF00008.24,EGF
TR13715|c5_g3	 PF00054.20,Laminin_G_1;PF00008.24,EGF;PF00054.20,Laminin_G_1
TR13716|c12_g2	 NA
TR13716|c13_g1	 NA
TR13716|c15_g1	 NA
TR13716|c20_g1	 NA
TR13716|c2_g1	 PF07528.11,DZF
TR13716|c2_g2	 PF07528.11,DZF
TR13716|c3_g1	 NA
TR13717|c12_g1	 NA
TR13717|c14_g1	 NA
TR13717|c18_g1	 NA
TR13717|c2_g1	 NA
TR13717|c5_g2	 NA
TR13717|c8_g1	 NA
TR13718|c2_g3	 NA
TR13718|c3_g1	 NA
TR13718|c3_g3	 NA
TR13718|c3_g4	 NA
TR13719|c13_g1	 NA
TR13719|c21_g1	 NA
TR13719|c22_g1	 NA
TR13719|c3_g3	 NA
TR13719|c7_g2	 NA
TR13720|c2_g1	 PF00400.29,WD40
TR13720|c2_g2	 NA
TR13720|c2_g3	 NA
TR13720|c3_g1	 NA
TR13720|c4_g1	 NA
TR13721|c0_g2	 NA
TR13721|c1_g1	 PF04072.11,LCM
TR13721|c2_g2	 PF00069.22,Pkinase
TR13721|c4_g1	 NA
TR13721|c8_g1	 NA
TR13721|c9_g1	 NA
TR13722|c0_g1	 PF00665.23,rve
TR13722|c0_g2	 NA
TR13722|c0_g5	 PF01485.18,IBR;PF01485.18,IBR
TR13722|c0_g6	 PF00069.22,Pkinase
TR13722|c0_g7	 PF03564.12,DUF1759;PF05585.9,DUF1758;PF00078.24,RVT_1;PF05380.10,Peptidase_A17;PF00665.23,rve;PF01485.18,IBR;PF01485.18,IBR
TR13722|c0_g9	 NA
TR13723|c1_g1	 NA
TR13723|c4_g1	 NA
TR13723|c6_g1	 NA
TR13723|c7_g1	 NA
TR13723|c8_g1	 NA
TR13723|c8_g3	 NA
TR13723|c9_g3	 PF07714.14,Pkinase_Tyr
TR13724|c1_g1	 NA
TR13724|c2_g1	 NA
TR13724|c4_g1	 NA
TR13724|c4_g2	 NA
TR13724|c5_g1	 NA
TR13724|c5_g2	 PF01044.16,Vinculin;PF01044.16,Vinculin
TR13724|c5_g3	 NA
TR13725|c0_g1	 PF00773.16,RNB
TR13725|c23_g1	 NA
TR13725|c3_g3	 PF13086.3,AAA_11;PF13087.3,AAA_12
TR13726|c10_g1	 NA
TR13726|c5_g1	 NA
TR13726|c6_g1	 NA
TR13726|c7_g1	 PF01619.15,Pro_dh;PF01619.15,Pro_dh
TR13727|c1_g2	 NA
TR13727|c2_g3	 PF03564.12,DUF1759;PF05380.10,Peptidase_A17;PF00665.23,rve
TR13728|c1_g1	 PF10598.6,RRM_4;PF10597.6,U5_2-snRNA_bdg;PF10596.6,U6-snRNA_bdg;PF12134.5,PRP8_domainIV
TR13729|c5_g2	 NA
TR1372|c0_g1	 NA
TR13730|c10_g1	 NA
TR13730|c5_g1	 NA
TR13730|c7_g1	 PF00531.19,Death;PF13927.3,Ig_3
TR13730|c7_g2	 PF00002.21,7tm_2
TR13731|c1_g1	 PF00664.20,ABC_membrane;PF00005.24,ABC_tran
TR13731|c1_g3	 PF00005.24,ABC_tran
TR13731|c4_g1	 NA
TR13732|c15_g1	 NA
TR13732|c16_g1	 NA
TR13732|c1_g1	 NA
TR13732|c4_g1	 NA
TR13732|c5_g1	 NA
TR13732|c8_g2	 NA
TR13732|c9_g1	 NA
TR13733|c2_g1	 NA
TR13733|c4_g1	 NA
TR13734|c3_g1	 NA
TR13734|c4_g1	 NA
TR13734|c6_g1	 NA
TR13735|c0_g1	 NA
TR13735|c1_g2	 NA
TR13735|c2_g1	 NA
TR13735|c3_g1	 PF03024.11,Folate_rec;PF08399.8,VWA_N;PF13519.3,VWA_2
TR13735|c7_g1	 NA
TR13736|c11_g1	 NA
TR13736|c21_g1	 NA
TR13736|c5_g2	 NA
TR13736|c6_g1	 NA
TR13736|c7_g2	 PF13843.3,DDE_Tnp_1_7
TR13736|c8_g1	 PF00106.22,adh_short;PF13452.3,MaoC_dehydrat_N;PF01575.16,MaoC_dehydratas;PF02036.14,SCP2
TR13736|c9_g1	 NA
TR13736|c9_g2	 NA
TR13737|c1_g1	 PF00200.20,Disintegrin;PF08516.9,ADAM_CR;PF07974.10,EGF_2;PF00090.16,TSP_1
TR13737|c6_g1	 NA
TR13738|c3_g1	 NA
TR13738|c4_g1	 NA
TR13738|c4_g2	 PF07064.10,RIC1
TR13738|c5_g1	 NA
TR13738|c5_g2	 NA
TR13738|c5_g6	 PF15082.3,DUF4549
TR13738|c8_g1	 NA
TR13738|c9_g1	 NA
TR13739|c12_g1	 NA
TR13739|c4_g1	 NA
TR13739|c5_g2	 PF12662.4,cEGF
TR13739|c5_g3	 PF14670.3,FXa_inhibition;PF12662.4,cEGF;PF14670.3,FXa_inhibition
TR13739|c5_g4	 PF14670.3,FXa_inhibition;PF12662.4,cEGF;PF14670.3,FXa_inhibition;PF14670.3,FXa_inhibition;PF14670.3,FXa_inhibition;PF14670.3,FXa_inhibition;PF14670.3,FXa_inhibition;PF14670.3,FXa_inhibition;PF12662.4,cEGF;PF14670.3,FXa_inhibition;PF07645.12,EGF_CA
TR1373|c1_g1	 NA
TR13740|c2_g1	 NA
TR13740|c4_g3	 PF01853.15,MOZ_SAS
TR13740|c4_g5	 NA
TR13740|c6_g1	 NA
TR13741|c12_g2	 NA
TR13741|c15_g1	 NA
TR13741|c20_g1	 NA
TR13741|c9_g1	 PF00076.19,RRM_1;PF00071.19,Ras
TR13742|c0_g2	 NA
TR13742|c11_g1	 NA
TR13742|c15_g1	 NA
TR13742|c3_g1	 NA
TR13742|c4_g1	 PF09409.7,PUB
TR13742|c5_g2	 PF14845.3,Glycohydro_20b2;PF00728.19,Glyco_hydro_20
TR13742|c7_g2	 NA
TR13742|c7_g3	 NA
TR13743|c1_g2	 NA
TR13743|c1_g3	 PF00621.17,RhoGEF
TR13743|c3_g1	 NA
TR13744|c1_g1	 PF00501.25,AMP-binding;PF00501.25,AMP-binding
TR13744|c3_g1	 NA
TR13745|c1_g1	 NA
TR13745|c1_g3	 NA
TR13745|c6_g1	 NA
TR13746|c3_g1	 NA
TR13746|c4_g1	 PF00531.19,Death
TR13747|c5_g1	 NA
TR13748|c0_g1	 NA
TR13748|c6_g1	 NA
TR13749|c0_g1	 NA
TR13749|c7_g1	 NA
TR13749|c7_g4	 NA
TR13749|c8_g1	 NA
TR13750|c0_g1	 NA
TR13750|c11_g1	 NA
TR13750|c8_g1	 NA
TR13750|c9_g2	 NA
TR13751|c10_g1	 NA
TR13751|c14_g1	 NA
TR13751|c4_g1	 NA
TR13751|c5_g2	 NA
TR13751|c7_g2	 NA
TR13751|c8_g1	 NA
TR13752|c0_g1	 NA
TR13752|c12_g1	 NA
TR13752|c14_g1	 NA
TR13752|c1_g1	 NA
TR13752|c2_g1	 PF01699.21,Na_Ca_ex
TR13754|c0_g1	 PF00041.18,fn3;PF00041.18,fn3;PF00041.18,fn3;PF00102.24,Y_phosphatase;PF00102.24,Y_phosphatase
TR13754|c2_g1	 PF00041.18,fn3;PF00041.18,fn3
TR13755|c0_g1	 NA
TR13755|c10_g2	 NA
TR13755|c12_g1	 NA
TR13755|c1_g1	 NA
TR13755|c21_g1	 NA
TR13755|c24_g1	 NA
TR13755|c3_g1	 NA
TR13755|c7_g1	 NA
TR13756|c4_g3	 PF00102.24,Y_phosphatase;PF00102.24,Y_phosphatase
TR13756|c4_g4	 PF13895.3,Ig_2;PF13927.3,Ig_3;PF13927.3,Ig_3;PF13927.3,Ig_3
TR13756|c5_g1	 PF00102.24,Y_phosphatase;PF00102.24,Y_phosphatase
TR13756|c8_g1	 NA
TR13758|c0_g1	 NA
TR13789|c0_g1	 NA
TR13799|c0_g1	 NA
TR13813|c0_g1	 NA
TR13822|c0_g1	 NA
TR13850|c0_g1	 NA
TR13850|c1_g1	 NA
TR13863|c0_g1	 PF14943.3,MRP-S26
TR13893|c0_g1	 PF10278.6,Med19
TR13897|c0_g1	 PF05830.8,NodZ
TR13902|c0_g1	 PF00808.20,CBFD_NFYB_HMF
TR13902|c0_g2	 PF00808.20,CBFD_NFYB_HMF
TR13905|c0_g1	 PF06699.8,PIG-F
TR13916|c0_g1	 NA
TR13920|c0_g1	 NA
TR13920|c0_g2	 PF07904.10,Eaf7
TR13925|c0_g1	 NA
TR13928|c0_g1	 PF00071.19,Ras
TR13933|c0_g1	 NA
TR13938|c0_g1	 PF00160.18,Pro_isomerase
TR13943|c0_g2	 NA
TR13944|c0_g1	 PF00531.19,Death;PF01582.17,TIR;PF02176.15,zf-TRAF;PF02176.15,zf-TRAF
TR13946|c1_g1	 PF00092.25,VWA;PF00264.17,Tyrosinase;PF07808.10,RED_N;PF07807.8,RED_C
TR13947|c2_g1	 NA
TR13949|c0_g1	 PF03522.12,SLC12
TR13950|c0_g1	 PF04054.12,Not1
TR13950|c0_g3	 PF16418.2,CNOT1_HEAT;PF16417.2,CNOT1_TTP_bind;PF16415.2,CNOT1_CAF1_bind;PF12842.4,DUF3819
TR13952|c0_g1	 NA
TR13952|c0_g2	 NA
TR13956|c0_g1	 PF03088.13,Str_synth
TR13956|c1_g1	 NA
TR13956|c2_g1	 NA
TR13957|c0_g1	 PF00219.15,IGFBP;PF07648.12,Kazal_2;PF00090.16,TSP_1
TR13958|c1_g1	 NA
TR13963|c0_g2	 PF03083.13,MtN3_slv;PF03083.13,MtN3_slv
TR13963|c4_g1	 NA
TR13964|c0_g1	 PF03160.11,Calx-beta;PF03160.11,Calx-beta
TR13967|c0_g1	 NA
TR13967|c1_g1	 PF01217.17,Clat_adaptor_s;PF00928.18,Adap_comp_sub
TR13969|c0_g1	 PF00753.24,Lactamase_B;PF00581.17,Rhodanese;PF00581.17,Rhodanese
TR13969|c1_g1	 NA
TR13970|c0_g1	 PF01150.14,GDA1_CD39
TR13970|c2_g1	 NA
TR13970|c3_g1	 NA
TR13971|c0_g1	 NA
TR13973|c1_g1	 NA
TR13973|c2_g1	 NA
TR13975|c0_g1	 PF05622.9,HOOK;PF05622.9,HOOK
TR13976|c0_g1	 PF08294.8,TIM21
TR13976|c0_g2	 NA
TR13977|c0_g2	 PF00069.22,Pkinase
TR13977|c0_g3	 NA
TR13979|c2_g1	 NA
TR13981|c1_g1	 PF00041.18,fn3;PF00041.18,fn3;PF00041.18,fn3;PF00041.18,fn3
TR13984|c0_g1	 PF10225.6,DUF2215
TR13986|c0_g1	 PF00046.26,Homeobox
TR13988|c0_g1	 PF05046.11,Img2
TR13990|c0_g1	 NA
TR13991|c0_g1	 PF00970.21,FAD_binding_6;PF00175.18,NAD_binding_1
TR13994|c0_g1	 PF04505.9,CD225
TR13996|c0_g1	 NA
TR13996|c1_g2	 PF07177.9,Neuralized;PF00069.22,Pkinase
TR13996|c1_g3	 NA
TR13998|c0_g1	 NA
TR13998|c2_g1	 NA
TR139|c0_g1	 NA
TR14000|c0_g1	 NA
TR14001|c0_g1	 PF00270.26,DEAD;PF00622.25,SPRY;PF00271.28,Helicase_C
TR14002|c0_g1	 NA
TR14004|c0_g1	 NA
TR14005|c1_g1	 NA
TR14005|c2_g1	 PF05729.9,NACHT
TR14007|c0_g1	 NA
TR14008|c0_g1	 NA
TR1400|c3_g1	 NA
TR1400|c8_g1	 PF00168.27,C2;PF09457.7,RBD-FIP
TR14012|c1_g1	 NA
TR14012|c1_g2	 PF00400.29,WD40;PF00400.29,WD40
TR14015|c0_g1	 PF15071.3,TMEM220
TR14018|c0_g1	 PF04893.14,Yip1
TR14018|c1_g1	 NA
TR14019|c1_g1	 PF00173.25,Cyt-b5
TR1401|c1_g1	 NA
TR1401|c5_g1	 NA
TR14020|c0_g1	 PF13561.3,adh_short_C2
TR14022|c1_g1	 NA
TR14023|c0_g1	 PF03953.14,Tubulin_C
TR14027|c1_g1	 PF01826.14,TIL;PF01826.14,TIL
TR1402|c10_g1	 NA
TR1402|c11_g2	 NA
TR1402|c12_g1	 PF07542.8,ATP12
TR1402|c13_g1	 PF00790.16,VHS
TR1402|c14_g1	 NA
TR1402|c14_g2	 NA
TR1402|c16_g1	 PF02194.12,PXA;PF00615.16,RGS;PF00787.21,PX;PF08628.9,Nexin_C
TR1402|c3_g2	 NA
TR1402|c4_g1	 NA
TR1402|c8_g1	 NA
TR1402|c9_g1	 PF00017.21,SH2
TR14030|c5_g1	 NA
TR14031|c0_g2	 NA
TR14032|c0_g1	 NA
TR14033|c0_g1	 PF00270.26,DEAD;PF00271.28,Helicase_C;PF11648.5,RIG-I_C-RD
TR14033|c1_g1	 NA
TR14036|c3_g1	 NA
TR1403|c10_g1	 NA
TR1403|c11_g1	 PF00071.19,Ras
TR1403|c12_g1	 NA
TR1403|c13_g1	 PF00071.19,Ras
TR1403|c13_g3	 PF00071.19,Ras
TR1403|c17_g1	 NA
TR1403|c19_g1	 NA
TR1403|c23_g1	 NA
TR1403|c2_g1	 NA
TR1404|c2_g1	 PF15902.2,Sortilin-Vps10
TR1404|c2_g2	 PF15901.2,Sortilin_C
TR1404|c2_g4	 PF15902.2,Sortilin-Vps10
TR1404|c3_g1	 NA
TR1404|c6_g1	 NA
TR1405|c4_g2	 NA
TR1407|c0_g3	 NA
TR1408|c1_g1	 PF01485.18,IBR
TR1408|c2_g1	 PF00400.29,WD40;PF00400.29,WD40
TR1408|c4_g1	 NA
TR1409|c12_g1	 PF13516.3,LRR_6;PF13516.3,LRR_6
TR1409|c15_g1	 NA
TR1409|c1_g1	 NA
TR1409|c1_g2	 NA
TR1409|c7_g1	 NA
TR1409|c9_g1	 NA
TR14100|c0_g1	 NA
TR14100|c1_g1	 NA
TR14100|c2_g1	 NA
TR14102|c1_g1	 PF13365.3,Trypsin_2;PF13180.3,PDZ_2
TR14103|c0_g1	 NA
TR14107|c0_g1	 PF04718.12,ATP-synt_G
TR14107|c1_g1	 PF01210.20,NAD_Gly3P_dh_N;PF07479.11,NAD_Gly3P_dh_C
TR14108|c1_g2	 PF05995.9,CDO_I
TR14109|c0_g2	 NA
TR1410|c2_g1	 NA
TR14110|c0_g1	 NA
TR14111|c0_g1	 NA
TR14115|c1_g1	 PF00266.16,Aminotran_5;PF00266.16,Aminotran_5;PF03476.13,MOSC_N
TR14119|c0_g1	 NA
TR1411|c12_g1	 NA
TR1411|c2_g2	 PF00069.22,Pkinase
TR1411|c4_g1	 NA
TR1411|c5_g1	 NA
TR1411|c7_g2	 NA
TR14121|c0_g1	 PF01112.15,Asparaginase_2
TR14121|c1_g1	 NA
TR14122|c0_g1	 NA
TR14124|c0_g1	 PF02176.15,zf-TRAF;PF02176.15,zf-TRAF
TR14126|c1_g1	 NA
TR14126|c2_g1	 NA
TR14126|c5_g1	 NA
TR14127|c1_g1	 NA
TR1412|c2_g1	 PF00531.19,Death;PF13676.3,TIR_2
TR1412|c6_g1	 NA
TR14130|c0_g1	 NA
TR14133|c0_g1	 PF01266.21,DAO
TR14134|c0_g1	 PF13857.3,Ank_5;PF01734.19,Patatin
TR14136|c0_g1	 NA
TR14137|c1_g1	 NA
TR14137|c2_g1	 PF01490.15,Aa_trans
TR14138|c0_g2	 NA
TR14138|c1_g1	 NA
TR1413|c3_g4	 NA
TR14140|c0_g1	 NA
TR14141|c1_g1	 NA
TR14142|c1_g1	 PF00270.26,DEAD;PF00271.28,Helicase_C
TR14142|c1_g2	 PF00013.26,KH_1
TR14143|c1_g1	 PF02799.12,NMT_C
TR14143|c1_g2	 PF00531.19,Death;PF01233.16,NMT;PF02799.12,NMT_C
TR14144|c0_g1	 NA
TR14145|c0_g1	 PF09774.6,Cid2
TR14146|c3_g1	 NA
TR14146|c4_g1	 NA
TR14147|c0_g1	 NA
TR14148|c2_g1	 NA
TR14149|c1_g1	 PF00400.29,WD40;PF00400.29,WD40;PF11715.5,Nup160;PF00400.29,WD40;PF00400.29,WD40
TR14149|c1_g2	 PF00400.29,WD40;PF00400.29,WD40;PF00400.29,WD40;PF00400.29,WD40;PF00400.29,WD40;PF00400.29,WD40
TR1414|c1_g1	 NA
TR1414|c2_g1	 NA
TR14152|c0_g2	 NA
TR14153|c0_g2	 NA
TR14153|c3_g1	 NA
TR14155|c0_g1	 NA
TR14155|c1_g1	 PF05380.10,Peptidase_A17;PF00665.23,rve
TR14156|c1_g1	 PF04505.9,CD225
TR14157|c0_g1	 NA
TR14157|c1_g1	 NA
TR14158|c0_g1	 NA
TR1415|c0_g1	 NA
TR14160|c0_g1	 PF15053.3,Njmu-R1
TR14161|c2_g1	 NA
TR14162|c0_g2	 NA
TR14163|c0_g1	 PF00017.21,SH2;PF00017.21,SH2;PF00102.24,Y_phosphatase
TR14163|c0_g2	 PF00017.21,SH2;PF00017.21,SH2;PF00102.24,Y_phosphatase
TR14165|c0_g2	 NA
TR14165|c2_g1	 NA
TR14166|c0_g1	 NA
TR14169|c0_g1	 PF04081.10,DNA_pol_delta_4
TR1416|c0_g1	 PF01661.18,Macro
TR14170|c0_g1	 PF05648.11,PEX11
TR14171|c0_g1	 PF00069.22,Pkinase
TR14171|c0_g2	 PF12063.5,DUF3543
TR14171|c1_g1	 NA
TR14175|c0_g1	 NA
TR14175|c5_g1	 NA
TR14175|c7_g1	 NA
TR14176|c0_g1	 PF00439.22,Bromodomain
TR14178|c2_g1	 NA
TR14179|c0_g1	 NA
TR1417|c3_g2	 NA
TR14180|c2_g1	 NA
TR14180|c3_g1	 NA
TR14181|c0_g1	 PF01230.20,HIT
TR14185|c0_g1	 PF00083.21,Sugar_tr;PF00083.21,Sugar_tr
TR14186|c0_g1	 NA
TR14188|c0_g1	 PF02221.12,E1_DerP2_DerF2
TR14189|c2_g1	 PF04558.12,tRNA_synt_1c_R1;PF04557.12,tRNA_synt_1c_R2;PF00749.18,tRNA-synt_1c;PF00749.18,tRNA-synt_1c;PF03950.15,tRNA-synt_1c_C
TR14191|c0_g1	 PF00017.21,SH2;PF07714.14,Pkinase_Tyr
TR14192|c0_g1	 PF00400.29,WD40;PF00400.29,WD40
TR14192|c1_g1	 NA
TR14193|c6_g1	 NA
TR14195|c0_g1	 PF03143.14,GTP_EFTU_D3
TR14196|c0_g1	 PF00069.22,Pkinase;PF02149.16,KA1
TR14197|c1_g1	 PF00076.19,RRM_1;PF00076.19,RRM_1;PF00076.19,RRM_1
TR14198|c0_g1	 NA
TR14199|c0_g1	 PF05216.10,UNC-50
TR1419|c0_g1	 PF11069.5,DUF2870
TR14202|c1_g1	 NA
TR14204|c0_g1	 NA
TR1420|c0_g2	 NA
TR1420|c1_g1	 PF05485.9,THAP;PF13613.3,HTH_Tnp_4;PF13359.3,DDE_Tnp_4
TR1420|c2_g1	 PF09588.7,YqaJ
TR14218|c0_g1	 PF00108.20,Thiolase_N;PF02803.15,Thiolase_C
TR14218|c0_g2	 PF00108.20,Thiolase_N;PF02803.15,Thiolase_C
TR1421|c0_g1	 NA
TR1421|c0_g2	 NA
TR1422|c0_g2	 PF00069.22,Pkinase;PF01344.22,Kelch_1
TR14237|c0_g1	 NA
TR1423|c0_g1	 PF00554.19,RHD_DNA_bind
TR14244|c0_g1	 NA
TR1424|c1_g1	 NA
TR14251|c1_g1	 NA
TR14252|c0_g1	 NA
TR14253|c0_g1	 NA
TR14258|c1_g1	 NA
TR1425|c0_g1	 NA
TR1425|c0_g2	 NA
TR1425|c1_g1	 NA
TR14262|c0_g1	 NA
TR14262|c0_g2	 NA
TR1426|c6_g1	 PF00504.18,Chloroa_b-bind
TR14272|c0_g1	 PF00071.19,Ras
TR14277|c0_g1	 PF05764.10,YL1;PF08265.8,YL1_C
TR14278|c0_g1	 NA
TR1427|c3_g2	 PF02796.12,HTH_7;PF00665.23,rve
TR1427|c3_g3	 PF00632.22,HECT
TR1427|c4_g1	 NA
TR1427|c5_g1	 PF00078.24,RVT_1
TR1428|c1_g3	 NA
TR1428|c1_g5	 NA
TR14292|c0_g1	 NA
TR14296|c0_g1	 PF00213.15,OSCP
TR14296|c0_g2	 PF00213.15,OSCP
TR1430|c1_g2	 PF12937.4,F-box-like
TR1431|c0_g1	 NA
TR1431|c10_g1	 PF05197.10,TRIC
TR1431|c11_g1	 NA
TR1431|c1_g1	 NA
TR1431|c3_g1	 NA
TR1431|c8_g1	 NA
TR1432|c0_g1	 PF03619.13,Solute_trans_a;PF03619.13,Solute_trans_a
TR1433|c0_g1	 NA
TR1433|c11_g1	 NA
TR1433|c11_g3	 NA
TR1433|c11_g4	 NA
TR1433|c12_g2	 NA
TR1433|c13_g1	 NA
TR1433|c13_g3	 PF05783.8,DLIC
TR1433|c16_g1	 NA
TR1433|c4_g2	 NA
TR1433|c9_g2	 NA
TR14346|c0_g1	 NA
TR1434|c1_g1	 NA
TR1436|c13_g1	 PF05585.9,DUF1758
TR1436|c14_g2	 PF05380.10,Peptidase_A17
TR1436|c16_g2	 NA
TR1436|c17_g1	 NA
TR1436|c18_g1	 NA
TR1436|c19_g1	 NA
TR1436|c20_g1	 NA
TR1436|c7_g2	 PF02176.15,zf-TRAF
TR14370|c0_g1	 NA
TR1437|c0_g1	 NA
TR1437|c3_g3	 PF05485.9,THAP;PF13613.3,HTH_Tnp_4;PF13359.3,DDE_Tnp_4
TR1437|c5_g1	 NA
TR1437|c6_g1	 NA
TR1438|c1_g2	 PF13637.3,Ank_4;PF08518.8,GIT_SHD;PF08518.8,GIT_SHD
TR14398|c0_g1	 NA
TR1440|c0_g2	 NA
TR1440|c1_g2	 NA
TR1440|c20_g1	 NA
TR1440|c5_g2	 NA
TR1440|c6_g1	 NA
TR1440|c7_g1	 NA
TR1440|c9_g1	 NA
TR1441|c1_g2	 NA
TR1442|c0_g1	 NA
TR1442|c1_g1	 PF00454.24,PI3_PI4_kinase
TR1443|c11_g1	 NA
TR1443|c16_g1	 NA
TR1443|c20_g1	 NA
TR14449|c0_g1	 NA
TR1444|c0_g1	 PF00262.15,Calreticulin
TR1445|c0_g1	 NA
TR1445|c1_g2	 NA
TR1445|c6_g1	 NA
TR1445|c7_g4	 PF13516.3,LRR_6;PF13516.3,LRR_6;PF13516.3,LRR_6
TR1445|c9_g1	 NA
TR1446|c14_g1	 NA
TR1446|c3_g1	 PF00083.21,Sugar_tr
TR1446|c6_g1	 NA
TR1446|c9_g1	 NA
TR1447|c0_g1	 PF00076.19,RRM_1;PF00076.19,RRM_1;PF00076.19,RRM_1;PF00076.19,RRM_1;PF00076.19,RRM_1
TR1448|c10_g1	 NA
TR1448|c11_g1	 NA
TR1448|c17_g1	 NA
TR1448|c1_g1	 NA
TR1448|c4_g1	 NA
TR1448|c6_g1	 PF00620.24,RhoGAP
TR1448|c6_g2	 NA
TR1448|c7_g1	 NA
TR1448|c7_g2	 NA
TR1448|c7_g3	 NA
TR1449|c2_g1	 PF00884.20,Sulfatase
TR1449|c3_g1	 PF00884.20,Sulfatase
TR1449|c3_g2	 NA
TR1449|c3_g3	 PF00884.20,Sulfatase
TR1450|c10_g1	 NA
TR1450|c12_g1	 NA
TR1450|c2_g2	 NA
TR1450|c4_g1	 NA
TR1450|c5_g1	 NA
TR1450|c6_g1	 PF00282.16,Pyridoxal_deC
TR1450|c8_g1	 NA
TR1450|c9_g1	 NA
TR14514|c0_g1	 NA
TR14522|c0_g1	 NA
TR14524|c0_g1	 NA
TR14527|c0_g1	 NA
TR14528|c0_g1	 NA
TR1452|c0_g1	 NA
TR1452|c1_g1	 NA
TR1454|c15_g1	 NA
TR1454|c3_g2	 NA
TR1454|c4_g1	 NA
TR1454|c4_g2	 NA
TR1454|c7_g1	 NA
TR1454|c9_g1	 NA
TR14551|c0_g1	 NA
TR14553|c0_g1	 PF05699.11,Dimer_Tnp_hAT
TR1455|c1_g1	 NA
TR1455|c4_g1	 NA
TR14563|c0_g1	 NA
TR14569|c0_g1	 NA
TR1456|c0_g1	 PF00930.18,DPPIV_N;PF00326.18,Peptidase_S9
TR1456|c0_g2	 NA
TR1456|c11_g1	 NA
TR1456|c4_g1	 NA
TR1456|c5_g1	 PF03820.14,Mtc
TR1456|c6_g1	 PF13424.3,TPR_12;PF13424.3,TPR_12;PF13374.3,TPR_10;PF13424.3,TPR_12
TR1456|c8_g3	 NA
TR14571|c0_g1	 PF09011.7,HMG_box_2;PF00505.16,HMG_box;PF00505.16,HMG_box
TR14574|c0_g1	 NA
TR14574|c0_g2	 NA
TR1457|c0_g1	 NA
TR1457|c1_g1	 PF00619.18,CARD
TR14582|c0_g1	 PF00723.18,Glyco_hydro_15
TR14583|c0_g1	 PF11864.5,DUF3384;PF03542.13,Tuberin;PF02145.12,Rap_GAP
TR14585|c0_g1	 PF04212.15,MIT;PF04212.15,MIT;PF00069.22,Pkinase
TR14586|c0_g2	 PF00651.28,BTB;PF07707.12,BACK
TR14587|c0_g2	 NA
TR14588|c0_g1	 PF13325.3,MCRS_N;PF00498.23,FHA
TR1458|c2_g1	 NA
TR14592|c0_g1	 PF02225.19,PA;PF04389.14,Peptidase_M28
TR14593|c0_g2	 NA
TR14593|c0_g3	 NA
TR14594|c0_g1	 NA
TR14594|c0_g2	 PF02391.14,MoaE;PF02391.14,MoaE
TR14595|c0_g2	 PF00335.17,Tetraspannin
TR14596|c2_g1	 NA
TR14596|c2_g2	 NA
TR14597|c0_g1	 NA
TR1459|c14_g1	 NA
TR1459|c16_g1	 NA
TR1459|c2_g1	 NA
TR1459|c4_g2	 NA
TR1459|c7_g1	 NA
TR1459|c9_g1	 NA
TR14600|c0_g1	 PF02792.11,Mago_nashi
TR14601|c0_g1	 PF07714.14,Pkinase_Tyr
TR14602|c0_g1	 PF00335.17,Tetraspannin
TR14603|c1_g2	 PF13960.3,DUF4218
TR14604|c0_g2	 NA
TR14604|c1_g1	 NA
TR14607|c0_g1	 PF14223.3,Retrotran_gag_2
TR1460|c0_g1	 PF00155.18,Aminotran_1_2
TR14610|c1_g1	 NA
TR14611|c0_g1	 NA
TR14611|c1_g1	 PF04858.10,TH1
TR14613|c1_g1	 NA
TR14613|c2_g1	 NA
TR14614|c0_g1	 PF00082.19,Peptidase_S8
TR14615|c0_g1	 NA
TR14615|c1_g1	 PF00056.20,Ldh_1_N;PF02866.15,Ldh_1_C
TR14616|c1_g1	 NA
TR14617|c1_g1	 PF00271.28,Helicase_C;PF00270.26,DEAD
TR14617|c2_g1	 PF06172.8,Cupin_5
TR14617|c3_g1	 PF14735.3,HAUS4
TR14618|c0_g1	 PF00350.20,Dynamin_N;PF04799.10,Fzo_mitofusin
TR14619|c1_g1	 PF03372.20,Exo_endo_phos
TR14619|c1_g2	 NA
TR1461|c20_g1	 NA
TR1461|c24_g1	 NA
TR1461|c5_g3	 NA
TR1461|c6_g1	 NA
TR1461|c7_g1	 PF02204.15,VPS9
TR1461|c8_g1	 NA
TR14620|c0_g1	 PF00373.15,FERM_M
TR14620|c2_g1	 PF10260.6,SAYSvFN
TR14622|c1_g2	 NA
TR14623|c0_g2	 PF03129.17,HGTP_anticodon
TR14624|c0_g2	 NA
TR14625|c0_g1	 NA
TR14625|c0_g2	 NA
TR14628|c2_g1	 NA
TR14628|c3_g1	 NA
TR1462|c0_g1	 PF00008.24,EGF;PF00008.24,EGF;PF00008.24,EGF;PF00008.24,EGF;PF00008.24,EGF;PF00008.24,EGF
TR1462|c1_g1	 NA
TR1462|c3_g1	 PF12661.4,hEGF;PF00008.24,EGF;PF00008.24,EGF
TR1462|c4_g3	 PF12661.4,hEGF;PF00008.24,EGF;PF00008.24,EGF;PF00008.24,EGF;PF12661.4,hEGF;PF00008.24,EGF;PF00066.14,Notch;PF00066.14,Notch;PF00066.14,Notch;PF13857.3,Ank_5;PF12796.4,Ank_2;PF13606.3,Ank_3
TR1462|c4_g4	 NA
TR1462|c7_g1	 NA
TR14631|c0_g1	 NA
TR14632|c0_g1	 NA
TR14632|c2_g1	 NA
TR14633|c1_g1	 PF01273.22,LBP_BPI_CETP;PF02886.14,LBP_BPI_CETP_C
TR14633|c1_g2	 NA
TR14634|c0_g1	 PF02176.15,zf-TRAF;PF02176.15,zf-TRAF;PF02176.15,zf-TRAF
TR14637|c0_g2	 PF11976.5,Rad60-SLD
TR14637|c0_g3	 NA
TR14638|c0_g1	 PF12619.5,MCM2_N;PF14551.3,MCM_N;PF00493.20,MCM
TR14639|c0_g1	 PF05679.13,CHGN
TR1463|c0_g1	 NA
TR1463|c2_g1	 PF02946.11,GTF2I
TR14641|c0_g1	 PF01120.14,Alpha_L_fucos;PF16757.2,Fucosidase_C
TR14644|c0_g1	 NA
TR14645|c0_g1	 PF14608.3,zf-CCCH_2;PF14608.3,zf-CCCH_2;PF14608.3,zf-CCCH_2
TR14649|c0_g1	 NA
TR14649|c1_g1	 NA
TR14649|c1_g2	 NA
TR1464|c0_g2	 PF03567.11,Sulfotransfer_2
TR1464|c2_g2	 PF00118.21,Cpn60_TCP1;PF00118.21,Cpn60_TCP1
TR14650|c0_g1	 NA
TR14654|c0_g2	 PF00362.15,Integrin_beta;PF08725.8,Integrin_b_cyt
TR14656|c0_g2	 PF03151.13,TPT
TR14657|c0_g1	 PF00850.16,Hist_deacetyl
TR14658|c0_g1	 NA
TR14658|c0_g2	 NA
TR14660|c0_g1	 PF01174.16,SNO
TR14661|c0_g1	 PF12796.4,Ank_2;PF13637.3,Ank_4;PF12796.4,Ank_2;PF13637.3,Ank_4;PF00632.22,HECT
TR14662|c0_g1	 PF01926.20,MMR_HSR1;PF07650.14,KH_2
TR14662|c1_g1	 NA
TR14662|c2_g1	 NA
TR14663|c1_g1	 NA
TR14664|c0_g2	 PF07106.10,TBPIP
TR14665|c0_g2	 PF00828.16,Ribosomal_L27A
TR14667|c0_g2	 PF00098.20,zf-CCHC;PF00078.24,RVT_1;PF00665.23,rve
TR14669|c0_g1	 PF09229.8,Aha1_N;PF08327.8,AHSA1
TR14669|c1_g1	 NA
TR14669|c3_g1	 NA
TR1466|c0_g1	 NA
TR1466|c4_g1	 NA
TR14672|c1_g1	 NA
TR14672|c1_g2	 NA
TR14673|c0_g3	 NA
TR14673|c1_g1	 NA
TR14675|c0_g1	 PF05018.10,DUF667;PF00400.29,WD40;PF00400.29,WD40
TR14675|c0_g2	 PF05018.10,DUF667;PF00400.29,WD40;PF00400.29,WD40
TR14675|c0_g3	 PF00400.29,WD40;PF00400.29,WD40;PF00400.29,WD40;PF12894.4,ANAPC4_WD40
TR14677|c0_g1	 PF03133.12,TTL
TR14678|c0_g1	 NA
TR14678|c2_g1	 NA
TR14679|c5_g1	 NA
TR1467|c1_g1	 PF01392.19,Fz
TR1467|c1_g2	 PF01392.19,Fz
TR14680|c0_g2	 NA
TR14687|c0_g1	 NA
TR1468|c0_g1	 NA
TR14690|c0_g1	 PF01535.17,PPR;PF13041.3,PPR_2;PF01535.17,PPR
TR1469|c0_g1	 PF00169.26,PH
TR1469|c2_g1	 PF07690.13,MFS_1
TR1469|c2_g2	 NA
TR1469|c2_g3	 NA
TR1469|c4_g1	 NA
TR14705|c0_g1	 NA
TR14707|c0_g1	 NA
TR1470|c0_g1	 PF00069.22,Pkinase;PF01344.22,Kelch_1
TR1470|c0_g2	 NA
TR14718|c0_g1	 NA
TR1471|c10_g2	 PF07690.13,MFS_1
TR1471|c12_g2	 NA
TR1471|c2_g2	 NA
TR1471|c3_g1	 PF00071.19,Ras
TR1471|c3_g2	 PF00071.19,Ras
TR1471|c5_g1	 NA
TR1471|c9_g1	 PF02257.12,RFX_DNA_binding
TR1471|c9_g2	 NA
TR1472|c0_g1	 NA
TR1472|c11_g2	 NA
TR1472|c14_g1	 NA
TR1472|c17_g1	 NA
TR1472|c3_g1	 PF00001.18,7tm_1
TR1472|c3_g2	 PF00001.18,7tm_1
TR1472|c6_g1	 NA
TR1472|c6_g2	 NA
TR1472|c7_g1	 NA
TR1472|c9_g1	 PF00481.18,PP2C
TR14730|c0_g1	 NA
TR14733|c0_g1	 PF00177.18,Ribosomal_S7
TR1473|c12_g1	 PF05071.13,NDUFA12
TR1473|c15_g1	 NA
TR1473|c3_g1	 NA
TR1473|c7_g1	 PF10523.6,BEN
TR1473|c8_g1	 NA
TR1473|c9_g1	 NA
TR1474|c13_g1	 NA
TR1474|c13_g3	 NA
TR1474|c17_g1	 NA
TR1474|c1_g1	 NA
TR1474|c7_g1	 NA
TR1475|c2_g1	 PF02005.13,TRM
TR14762|c0_g1	 PF07264.8,EI24
TR1476|c10_g1	 PF00804.22,Syntaxin;PF05739.16,SNARE
TR1476|c15_g1	 NA
TR1476|c18_g1	 NA
TR1476|c1_g2	 NA
TR1476|c3_g1	 NA
TR1476|c4_g1	 NA
TR1476|c5_g1	 NA
TR1476|c6_g2	 PF03184.16,DDE_1
TR1476|c8_g1	 NA
TR1476|c9_g1	 NA
TR1477|c4_g1	 NA
TR1477|c5_g2	 PF00171.19,Aldedh
TR14788|c0_g1	 PF04597.11,Ribophorin_I
TR14797|c0_g1	 NA
TR147|c0_g2	 NA
TR1480|c0_g1	 PF16095.2,COR
TR1480|c1_g1	 NA
TR14815|c0_g1	 NA
TR14817|c0_g1	 NA
TR1481|c0_g1	 NA
TR1481|c2_g1	 NA
TR14824|c0_g1	 NA
TR14828|c0_g1	 NA
TR1482|c1_g1	 PF01833.21,TIG;PF08337.9,Plexin_cytopl
TR14839|c0_g2	 PF01201.19,Ribosomal_S8e
TR1483|c15_g1	 NA
TR1483|c17_g1	 NA
TR1483|c19_g1	 NA
TR1483|c20_g1	 NA
TR1483|c8_g1	 PF00858.21,ASC
TR1483|c8_g4	 PF00858.21,ASC
TR1483|c9_g1	 PF08598.8,Sds3
TR14848|c0_g1	 PF01323.17,DSBA;PF01323.17,DSBA
TR14848|c0_g2	 PF01323.17,DSBA
TR1484|c12_g1	 NA
TR1484|c3_g1	 PF00085.17,Thioredoxin
TR1484|c4_g1	 NA
TR1484|c6_g1	 NA
TR1484|c6_g2	 PF10516.6,SHNi-TPR;PF13181.3,TPR_8
TR14852|c0_g1	 NA
TR14855|c1_g1	 NA
TR1485|c10_g1	 NA
TR1485|c16_g1	 NA
TR1485|c4_g1	 NA
TR1485|c4_g2	 NA
TR1485|c5_g1	 PF00839.14,Cys_rich_FGFR;PF00839.14,Cys_rich_FGFR;PF00839.14,Cys_rich_FGFR;PF00839.14,Cys_rich_FGFR;PF00839.14,Cys_rich_FGFR;PF00839.14,Cys_rich_FGFR;PF00839.14,Cys_rich_FGFR;PF00839.14,Cys_rich_FGFR;PF00839.14,Cys_rich_FGFR;PF00839.14,Cys_rich_FGFR
TR14862|c0_g1	 NA
TR14864|c0_g1	 NA
TR1486|c2_g3	 NA
TR1486|c4_g2	 NA
TR14871|c0_g1	 NA
TR14872|c0_g1	 PF04421.10,Mss4
TR14872|c0_g2	 NA
TR14878|c0_g1	 NA
TR14878|c0_g2	 PF03366.13,YEATS
TR1487|c0_g1	 PF00041.18,fn3
TR14885|c0_g1	 NA
TR1488|c11_g1	 PF02146.14,SIR2
TR1488|c12_g3	 NA
TR1488|c7_g1	 NA
TR1488|c8_g1	 NA
TR1488|c9_g2	 NA
TR14896|c0_g1	 NA
TR1489|c6_g1	 NA
TR1489|c7_g1	 PF13927.3,Ig_3
TR14905|c0_g1	 PF00046.26,Homeobox
TR14906|c2_g1	 NA
TR14908|c1_g2	 NA
TR14908|c3_g1	 NA
TR1490|c0_g1	 NA
TR14910|c0_g1	 NA
TR14910|c0_g3	 NA
TR14910|c0_g4	 NA
TR14913|c1_g1	 PF00617.16,RasGEF;PF13202.3,EF-hand_5;PF13202.3,EF-hand_5;PF00130.19,C1_1
TR14914|c5_g1	 NA
TR14916|c1_g1	 PF13639.3,zf-RING_2
TR14916|c1_g2	 PF13639.3,zf-RING_2
TR14917|c0_g1	 NA
TR14917|c1_g1	 NA
TR14918|c1_g1	 NA
TR14918|c2_g1	 PF13499.3,EF-hand_7;PF13499.3,EF-hand_7;PF00009.24,GTP_EFTU;PF11987.5,IF-2
TR14918|c2_g2	 PF00009.24,GTP_EFTU;PF13499.3,EF-hand_7;PF13499.3,EF-hand_7;PF11987.5,IF-2
TR14918|c3_g1	 PF13532.3,2OG-FeII_Oxy_2
TR14918|c4_g1	 PF03878.12,YIF1
TR1491|c3_g1	 NA
TR14921|c0_g1	 PF13344.3,Hydrolase_6;PF13242.3,Hydrolase_like
TR14921|c3_g1	 NA
TR14922|c0_g1	 PF00554.19,RHD_DNA_bind;PF16179.2,RHD_dimer;PF12796.4,Ank_2;PF12796.4,Ank_2;PF00531.19,Death
TR14923|c0_g1	 PF13895.3,Ig_2;PF00656.19,Peptidase_C14
TR14924|c0_g1	 PF07714.14,Pkinase_Tyr
TR14925|c0_g2	 NA
TR14926|c0_g1	 PF00625.18,Guanylate_kin
TR14926|c0_g2	 PF04727.10,ELMO_CED12
TR14926|c0_g3	 PF00625.18,Guanylate_kin
TR14926|c1_g1	 NA
TR14927|c0_g2	 NA
TR14927|c2_g2	 PF01392.19,Fz
TR14927|c4_g1	 NA
TR14927|c5_g1	 NA
TR14927|c6_g1	 NA
TR14927|c7_g1	 NA
TR14927|c9_g1	 NA
TR14928|c0_g1	 NA
TR14929|c0_g1	 NA
TR14929|c1_g2	 NA
TR14931|c0_g2	 PF01852.16,START
TR14931|c0_g3	 PF01852.16,START
TR14934|c0_g1	 PF01869.17,BcrAD_BadFG
TR14935|c1_g1	 NA
TR14936|c0_g1	 PF00641.15,zf-RanBP
TR14937|c0_g1	 NA
TR14938|c2_g1	 NA
TR14939|c0_g1	 PF00069.22,Pkinase
TR1493|c1_g1	 PF01094.25,ANF_receptor;PF07562.11,NCD3G
TR14942|c1_g1	 PF12146.5,Hydrolase_4
TR14942|c6_g1	 NA
TR14942|c9_g1	 NA
TR14943|c0_g1	 PF08718.8,GLTP
TR14945|c0_g1	 PF10487.6,Nup188
TR14946|c0_g2	 PF16122.2,40S_SA_C
TR14946|c1_g1	 PF06239.8,ECSIT
TR14947|c0_g1	 NA
TR14948|c0_g1	 NA
TR14949|c1_g1	 PF00281.16,Ribosomal_L5;PF00673.18,Ribosomal_L5_C
TR14949|c2_g1	 NA
TR14949|c2_g2	 NA
TR1494|c0_g2	 NA
TR14950|c0_g1	 PF01204.15,Trehalase
TR14953|c0_g2	 NA
TR14955|c1_g1	 NA
TR14955|c2_g1	 NA
TR14959|c2_g1	 PF06003.9,SMN
TR1495|c1_g1	 NA
TR1495|c2_g1	 PF13855.3,LRR_8;PF08477.10,Roc;PF16095.2,COR;PF07714.14,Pkinase_Tyr
TR1495|c2_g2	 PF07989.8,Cnn_1N
TR1495|c3_g1	 NA
TR14964|c0_g1	 NA
TR14965|c0_g1	 PF13833.3,EF-hand_8;PF13405.3,EF-hand_6;PF13499.3,EF-hand_7;PF01794.16,Ferric_reduct
TR14966|c0_g1	 NA
TR14969|c0_g1	 PF04438.13,zf-HIT
TR14970|c0_g1	 NA
TR14970|c1_g1	 NA
TR14971|c0_g2	 NA
TR14971|c1_g1	 NA
TR14972|c0_g2	 NA
TR14974|c0_g2	 PF12796.4,Ank_2;PF12796.4,Ank_2
TR14975|c0_g1	 PF00085.17,Thioredoxin;PF00085.17,Thioredoxin;PF07749.9,ERp29
TR14977|c0_g1	 PF00504.18,Chloroa_b-bind
TR14978|c0_g1	 PF00069.22,Pkinase
TR14978|c1_g1	 PF00019.17,TGF_beta
TR1497|c0_g1	 NA
TR14980|c0_g1	 PF00561.17,Abhydrolase_1
TR14980|c0_g2	 PF00561.17,Abhydrolase_1
TR14980|c1_g1	 PF00076.19,RRM_1
TR14980|c2_g1	 NA
TR14980|c2_g2	 NA
TR14981|c0_g2	 PF00530.15,SRCR;PF00530.15,SRCR;PF00530.15,SRCR;PF00530.15,SRCR;PF00530.15,SRCR;PF00530.15,SRCR
TR14981|c1_g1	 PF00530.15,SRCR;PF00530.15,SRCR;PF00530.15,SRCR;PF00530.15,SRCR;PF00530.15,SRCR;PF00530.15,SRCR;PF00530.15,SRCR;PF00530.15,SRCR
TR14983|c0_g1	 NA
TR14983|c1_g1	 NA
TR14983|c2_g1	 PF09811.6,Yae1_N
TR14984|c0_g1	 NA
TR14985|c0_g1	 NA
TR14985|c1_g1	 PF00535.23,Glycos_transf_2
TR14992|c0_g1	 NA
TR14994|c0_g1	 NA
TR14995|c0_g1	 PF16546.2,SGTA_dimer;PF13414.3,TPR_11;PF00515.25,TPR_1
TR14998|c4_g1	 NA
TR1499|c0_g1	 NA
TR1499|c2_g1	 PF01416.17,PseudoU_synth_1
TR1499|c3_g1	 PF02017.12,CIDE-N
TR14|c0_g1	 PF02146.14,SIR2
TR15000|c0_g1	 PF03114.15,BAR
TR15000|c3_g1	 NA
TR15001|c1_g3	 NA
TR15024|c0_g1	 NA
TR15074|c0_g2	 PF05222.12,AlaDh_PNT_N;PF01262.18,AlaDh_PNT_C;PF12769.4,PNTB_4TM;PF02233.13,PNTB
TR15074|c0_g3	 PF12769.4,PNTB_4TM;PF02233.13,PNTB
TR15077|c0_g1	 PF13855.3,LRR_8;PF08477.10,Roc;PF16095.2,COR;PF00069.22,Pkinase
TR15077|c0_g2	 PF13855.3,LRR_8;PF08477.10,Roc;PF16095.2,COR;PF00069.22,Pkinase
TR15081|c1_g1	 NA
TR15087|c0_g1	 NA
TR15092|c0_g2	 PF00085.17,Thioredoxin;PF00462.21,Glutaredoxin
TR15098|c0_g1	 PF13927.3,Ig_3
TR15098|c0_g2	 PF13927.3,Ig_3
TR150|c0_g1	 NA
TR15100|c0_g1	 PF00092.25,VWA;PF00112.20,Peptidase_C1
TR15100|c0_g2	 NA
TR15100|c1_g1	 PF02383.15,Syja_N
TR15102|c0_g1	 NA
TR1510|c0_g1	 PF16974.2,NAR2
TR15113|c1_g1	 NA
TR15116|c0_g1	 NA
TR15118|c0_g2	 NA
TR15127|c0_g1	 PF07714.14,Pkinase_Tyr
TR15133|c1_g1	 NA
TR15135|c1_g1	 NA
TR15139|c0_g1	 PF00004.26,AAA;PF00439.22,Bromodomain
TR1513|c0_g1	 NA
TR15141|c0_g1	 PF00388.16,PI-PLC-X;PF00387.16,PI-PLC-Y
TR15143|c1_g1	 NA
TR15147|c0_g1	 PF00644.17,PARP
TR15152|c1_g1	 NA
TR15153|c0_g1	 NA
TR15154|c0_g1	 NA
TR15155|c0_g1	 NA
TR15162|c0_g1	 NA
TR15162|c0_g2	 NA
TR15180|c0_g1	 NA
TR15184|c0_g1	 NA
TR15187|c1_g1	 NA
TR15197|c0_g1	 NA
TR15216|c0_g1	 NA
TR15220|c0_g1	 PF05729.9,NACHT
TR15220|c0_g4	 NA
TR15220|c0_g5	 NA
TR15222|c2_g1	 PF00531.19,Death
TR15223|c0_g1	 NA
TR15223|c2_g1	 NA
TR15223|c2_g2	 PF13894.3,zf-C2H2_4;PF13894.3,zf-C2H2_4
TR15223|c3_g1	 PF16367.2,RRM_7;PF16366.2,CEBP_ZZ
TR15224|c0_g1	 NA
TR15224|c17_g1	 NA
TR15224|c6_g1	 PF03810.16,IBN_N;PF13513.3,HEAT_EZ
TR15224|c7_g1	 PF13639.3,zf-RING_2
TR15224|c9_g1	 NA
TR15225|c10_g1	 NA
TR15225|c12_g1	 PF00270.26,DEAD;PF00271.28,Helicase_C
TR15225|c3_g1	 NA
TR15225|c4_g1	 NA
TR15225|c6_g1	 NA
TR15225|c7_g1	 NA
TR15226|c0_g1	 NA
TR15226|c0_g2	 NA
TR15226|c0_g4	 NA
TR15227|c2_g1	 NA
TR15229|c0_g1	 NA
TR15230|c1_g1	 PF12937.4,F-box-like;PF00400.29,WD40;PF00400.29,WD40;PF00400.29,WD40;PF00400.29,WD40;PF00400.29,WD40;PF00400.29,WD40
TR15232|c3_g1	 PF00106.22,adh_short
TR15232|c4_g1	 PF00106.22,adh_short
TR15233|c0_g1	 NA
TR15233|c0_g2	 NA
TR15233|c0_g3	 PF11705.5,RNA_pol_3_Rpc31
TR15233|c1_g2	 PF00106.22,adh_short
TR15235|c3_g1	 NA
TR15236|c0_g1	 NA
TR15236|c1_g1	 PF06419.8,COG6
TR15237|c1_g1	 NA
TR15237|c2_g2	 PF02910.17,Succ_DH_flav_C
TR15238|c4_g1	 NA
TR15238|c8_g1	 NA
TR15238|c9_g2	 NA
TR15239|c0_g2	 PF03730.11,Ku_C
TR15239|c1_g1	 NA
TR15240|c0_g1	 PF00108.20,Thiolase_N
TR15241|c1_g1	 PF00083.21,Sugar_tr
TR15241|c3_g1	 NA
TR15241|c6_g1	 PF00083.21,Sugar_tr
TR15241|c6_g2	 PF00083.21,Sugar_tr
TR15242|c10_g2	 NA
TR15242|c10_g3	 NA
TR15242|c5_g1	 NA
TR15242|c7_g1	 NA
TR15242|c8_g3	 NA
TR15243|c0_g1	 NA
TR15243|c11_g1	 NA
TR15243|c13_g2	 NA
TR15243|c14_g1	 NA
TR15243|c17_g1	 NA
TR15243|c1_g1	 NA
TR15243|c2_g1	 NA
TR15243|c3_g2	 NA
TR15243|c4_g3	 NA
TR15243|c5_g1	 NA
TR15243|c5_g2	 NA
TR15243|c5_g5	 NA
TR15243|c9_g1	 NA
TR15244|c2_g1	 NA
TR15245|c2_g1	 NA
TR15247|c0_g2	 NA
TR15247|c1_g2	 NA
TR15247|c3_g1	 NA
TR15247|c6_g1	 NA
TR15248|c0_g1	 NA
TR15248|c14_g1	 NA
TR15248|c16_g1	 NA
TR15248|c1_g1	 PF13927.3,Ig_3
TR15248|c23_g1	 NA
TR15248|c6_g1	 PF00240.20,ubiquitin;PF13519.3,VWA_2;PF02816.15,Alpha_kinase
TR15248|c8_g1	 NA
TR15249|c0_g2	 PF00454.24,PI3_PI4_kinase
TR15250|c3_g1	 PF02176.15,zf-TRAF
TR15250|c5_g2	 PF14781.3,BBS2_N;PF14783.3,BBS2_Mid;PF14782.3,BBS2_C
TR15250|c7_g1	 NA
TR15250|c8_g1	 NA
TR15251|c3_g1	 PF03160.11,Calx-beta;PF03160.11,Calx-beta;PF03160.11,Calx-beta;PF03160.11,Calx-beta
TR15251|c3_g2	 PF03160.11,Calx-beta;PF03160.11,Calx-beta
TR15252|c6_g3	 NA
TR15252|c7_g1	 NA
TR15252|c8_g1	 NA
TR15253|c1_g1	 NA
TR15253|c1_g2	 NA
TR15254|c0_g2	 PF00536.27,SAM_1
TR15255|c0_g1	 NA
TR15255|c0_g2	 NA
TR15255|c10_g1	 NA
TR15255|c16_g1	 NA
TR15255|c3_g1	 PF14580.3,LRR_9
TR15255|c6_g1	 NA
TR15255|c6_g2	 NA
TR15255|c7_g2	 NA
TR15255|c8_g2	 NA
TR15256|c0_g2	 NA
TR15257|c11_g1	 PF00067.19,p450
TR15257|c1_g1	 NA
TR15257|c5_g1	 PF00067.19,p450;PF00067.19,p450
TR15258|c0_g1	 NA
TR15258|c2_g1	 NA
TR15258|c4_g1	 NA
TR15258|c6_g1	 NA
TR15258|c6_g3	 NA
TR15258|c7_g1	 PF02415.14,Chlam_PMP
TR15259|c1_g1	 NA
TR15260|c0_g1	 NA
TR15260|c11_g1	 NA
TR15260|c1_g1	 PF12894.4,ANAPC4_WD40
TR15260|c5_g1	 NA
TR15260|c6_g3	 NA
TR15260|c7_g1	 NA
TR15262|c0_g1	 PF00104.27,Hormone_recep
TR15263|c14_g1	 NA
TR15263|c4_g2	 NA
TR15263|c6_g1	 NA
TR15263|c7_g1	 NA
TR15264|c0_g2	 NA
TR15264|c1_g1	 NA
TR15264|c1_g2	 NA
TR15265|c0_g1	 PF14388.3,DUF4419
TR15265|c1_g1	 NA
TR15265|c2_g1	 PF14388.3,DUF4419
TR15266|c10_g1	 NA
TR15266|c12_g1	 NA
TR15266|c1_g2	 NA
TR15266|c3_g2	 NA
TR15266|c4_g1	 PF01457.13,Peptidase_M8
TR15266|c5_g1	 NA
TR15268|c1_g1	 PF13300.3,DUF4078
TR15268|c1_g2	 PF13300.3,DUF4078
TR15268|c6_g1	 NA
TR15268|c9_g1	 NA
TR15269|c11_g1	 NA
TR15269|c13_g1	 NA
TR15269|c21_g1	 NA
TR15269|c4_g1	 NA
TR15269|c5_g1	 NA
TR15269|c6_g1	 NA
TR15269|c8_g2	 PF01602.17,Adaptin_N
TR15269|c9_g1	 NA
TR15270|c0_g1	 NA
TR15270|c1_g1	 NA
TR15270|c2_g1	 PF00026.20,Asp
TR15270|c4_g1	 NA
TR15270|c5_g1	 NA
TR15271|c10_g1	 NA
TR15271|c12_g1	 NA
TR15271|c5_g2	 NA
TR15271|c7_g1	 PF00076.19,RRM_1;PF00076.19,RRM_1
TR15271|c7_g2	 PF00076.19,RRM_1
TR15273|c0_g1	 NA
TR15273|c5_g1	 NA
TR15273|c7_g1	 NA
TR15273|c8_g1	 NA
TR15274|c11_g1	 NA
TR15274|c20_g1	 NA
TR15274|c4_g1	 NA
TR15274|c5_g1	 NA
TR15274|c7_g1	 PF00443.26,UCH;PF14533.3,USP7_C2;PF00443.26,UCH
TR15274|c8_g1	 NA
TR15275|c10_g1	 PF16512.2,RhoGAP-FF1
TR15275|c16_g1	 NA
TR15275|c19_g1	 NA
TR15275|c1_g1	 NA
TR15275|c20_g1	 NA
TR15275|c3_g1	 NA
TR15275|c5_g1	 NA
TR15275|c7_g1	 NA
TR15275|c7_g3	 NA
TR15276|c1_g1	 NA
TR15276|c2_g1	 NA
TR15277|c3_g1	 NA
TR15277|c4_g2	 PF01392.19,Fz
TR15277|c5_g3	 PF00069.22,Pkinase
TR15277|c6_g1	 PF14291.3,DUF4371;PF05699.11,Dimer_Tnp_hAT
TR15278|c1_g1	 PF13561.3,adh_short_C2
TR15278|c2_g1	 NA
TR15279|c0_g1	 NA
TR15279|c0_g2	 NA
TR15279|c2_g1	 NA
TR15279|c2_g3	 NA
TR15279|c2_g4	 NA
TR1527|c0_g1	 NA
TR15280|c10_g1	 NA
TR15280|c14_g1	 NA
TR15280|c4_g1	 PF12770.4,CHAT
TR15280|c6_g1	 NA
TR15280|c7_g1	 PF13424.3,TPR_12
TR15281|c2_g1	 PF00635.23,Motile_Sperm
TR15282|c1_g1	 NA
TR15282|c2_g1	 PF01251.15,Ribosomal_S7e
TR15282|c4_g1	 PF00075.21,RNase_H
TR15283|c0_g1	 NA
TR15283|c0_g4	 PF13923.3,zf-C3HC4_2;PF02176.15,zf-TRAF
TR15284|c3_g1	 NA
TR15284|c5_g1	 NA
TR15284|c8_g1	 NA
TR15285|c2_g1	 NA
TR15285|c3_g1	 PF00850.16,Hist_deacetyl
TR15286|c2_g1	 NA
TR15286|c3_g1	 PF00179.23,UQ_con
TR15286|c3_g2	 PF03167.16,UDG
TR15286|c4_g1	 NA
TR15287|c1_g1	 NA
TR15288|c0_g1	 PF03489.14,SapB_2
TR15289|c0_g1	 NA
TR15290|c6_g1	 NA
TR15290|c6_g2	 NA
TR15290|c7_g1	 NA
TR15290|c8_g2	 NA
TR15291|c13_g1	 NA
TR15291|c17_g1	 NA
TR15291|c5_g1	 PF11971.5,CAMSAP_CH;PF08683.8,CAMSAP_CKK
TR15291|c8_g1	 NA
TR15291|c9_g1	 NA
TR15291|c9_g2	 PF00076.19,RRM_1;PF00076.19,RRM_1;PF15519.3,RBM39linker;PF00076.19,RRM_1
TR15292|c2_g1	 NA
TR15293|c0_g1	 NA
TR15293|c0_g2	 NA
TR15293|c2_g1	 NA
TR15293|c2_g2	 NA
TR15294|c4_g2	 NA
TR15294|c6_g1	 NA
TR15294|c8_g1	 NA
TR15295|c0_g1	 NA
TR15296|c10_g1	 PF07714.14,Pkinase_Tyr
TR15296|c14_g1	 NA
TR15296|c3_g1	 NA
TR15296|c6_g1	 NA
TR15296|c7_g1	 NA
TR15296|c8_g2	 NA
TR15297|c1_g1	 PF10240.6,DUF2464
TR15297|c1_g2	 NA
TR15297|c2_g1	 PF04677.12,CwfJ_C_1;PF04676.11,CwfJ_C_2
TR15297|c3_g1	 PF00069.22,Pkinase
TR15298|c0_g1	 NA
TR15299|c0_g1	 NA
TR15299|c10_g1	 NA
TR15299|c11_g1	 NA
TR15299|c19_g1	 NA
TR15299|c5_g2	 NA
TR15299|c6_g1	 NA
TR15299|c8_g1	 NA
TR15299|c8_g2	 NA
TR15299|c8_g3	 NA
TR15299|c9_g1	 PF00485.15,PRK
TR15300|c2_g2	 NA
TR15301|c0_g1	 PF00970.21,FAD_binding_6
TR15301|c0_g2	 NA
TR15304|c0_g2	 NA
TR15304|c10_g1	 NA
TR15304|c7_g3	 NA
TR15304|c7_g4	 NA
TR15305|c10_g1	 PF00530.15,SRCR
TR15305|c1_g1	 PF00530.15,SRCR
TR15305|c3_g1	 PF00530.15,SRCR;PF00530.15,SRCR;PF00530.15,SRCR
TR15305|c5_g1	 PF00400.29,WD40
TR15305|c5_g2	 PF00400.29,WD40
TR15305|c6_g1	 NA
TR15305|c6_g3	 PF00530.15,SRCR;PF00530.15,SRCR
TR15305|c7_g1	 PF00530.15,SRCR
TR15306|c0_g1	 NA
TR15306|c0_g2	 PF00069.22,Pkinase
TR15307|c1_g2	 PF00293.25,NUDIX
TR15307|c2_g1	 NA
TR15307|c7_g1	 NA
TR15307|c8_g1	 NA
TR15309|c1_g1	 PF00646.30,F-box
TR15309|c2_g1	 NA
TR15310|c11_g1	 NA
TR15310|c13_g1	 PF00400.29,WD40;PF00400.29,WD40;PF00400.29,WD40
TR15310|c4_g1	 NA
TR15310|c5_g1	 NA
TR15310|c6_g1	 NA
TR15310|c8_g1	 PF13358.3,DDE_3
TR15310|c8_g2	 NA
TR15310|c8_g4	 NA
TR15310|c9_g1	 NA
TR15311|c11_g1	 NA
TR15311|c12_g2	 NA
TR15311|c12_g3	 PF00665.23,rve
TR15311|c2_g2	 NA
TR15311|c5_g1	 NA
TR15311|c6_g1	 NA
TR15311|c8_g1	 NA
TR15312|c2_g1	 NA
TR15313|c10_g1	 NA
TR15313|c1_g1	 NA
TR15313|c3_g1	 NA
TR15313|c6_g1	 NA
TR15314|c5_g1	 NA
TR15314|c7_g1	 NA
TR15316|c1_g2	 NA
TR15316|c5_g1	 NA
TR15318|c1_g1	 NA
TR15319|c10_g1	 NA
TR15319|c11_g1	 PF00676.17,E1_dh
TR15319|c20_g1	 NA
TR15319|c3_g1	 NA
TR15319|c9_g1	 NA
TR15336|c0_g2	 PF01280.17,Ribosomal_L19e
TR15346|c0_g2	 PF02966.13,DIM1
TR15355|c0_g1	 NA
TR15361|c0_g2	 PF01399.24,PCI
TR15366|c0_g1	 NA
TR15385|c0_g1	 NA
TR15390|c0_g1	 NA
TR15392|c0_g1	 PF00646.30,F-box
TR15392|c1_g1	 PF00082.19,Peptidase_S8;PF00431.17,CUB
TR15397|c0_g1	 NA
TR1539|c0_g1	 PF04588.10,HIG_1_N
TR153|c0_g1	 NA
TR15401|c0_g1	 NA
TR15402|c0_g2	 PF00530.15,SRCR
TR1540|c2_g1	 PF00028.14,Cadherin;PF00028.14,Cadherin;PF00028.14,Cadherin
TR1543|c0_g1	 PF00010.23,HLH
TR15462|c0_g1	 NA
TR1549|c0_g1	 NA
TR1550|c0_g1	 PF07763.10,FEZ
TR1550|c0_g2	 PF07763.10,FEZ
TR15519|c0_g1	 NA
TR15532|c0_g1	 NA
TR15539|c1_g1	 NA
TR1553|c0_g1	 NA
TR15554|c1_g1	 PF00005.24,ABC_tran
TR15561|c0_g1	 NA
TR15565|c0_g1	 NA
TR15569|c0_g1	 NA
TR15576|c0_g1	 NA
TR15580|c2_g1	 NA
TR15584|c0_g1	 NA
TR15587|c0_g1	 NA
TR1558|c0_g1	 NA
TR15596|c0_g1	 NA
TR15599|c2_g1	 NA
TR15623|c0_g1	 PF04548.13,AIG1
TR15623|c0_g2	 PF04548.13,AIG1
TR1563|c0_g1	 NA
TR1564|c2_g1	 NA
TR1567|c0_g2	 NA
TR1567|c1_g1	 NA
TR15691|c0_g1	 NA
TR15692|c0_g1	 NA
TR15692|c1_g1	 PF00091.22,Tubulin;PF03953.14,Tubulin_C
TR15693|c2_g1	 PF03665.10,UPF0172
TR15693|c3_g1	 PF00892.17,EamA
TR15693|c4_g1	 NA
TR15694|c0_g1	 PF14378.3,PAP2_3;PF14642.3,FAM47
TR15695|c1_g1	 PF00071.19,Ras
TR15697|c1_g1	 NA
TR15698|c1_g2	 NA
TR15698|c1_g3	 NA
TR15698|c3_g1	 PF05699.11,Dimer_Tnp_hAT
TR15698|c6_g1	 NA
TR15699|c0_g1	 PF11547.5,E3_UbLigase_EDD;PF00632.22,HECT
TR15701|c0_g1	 PF01392.19,Fz;PF01392.19,Fz;PF01392.19,Fz
TR15705|c0_g2	 NA
TR15706|c0_g1	 PF12884.4,TORC_N
TR15707|c0_g1	 PF05920.8,Homeobox_KN
TR15707|c0_g2	 PF05920.8,Homeobox_KN
TR15708|c3_g1	 NA
TR15708|c4_g1	 NA
TR15708|c6_g1	 NA
TR15709|c1_g1	 NA
TR1570|c1_g1	 NA
TR15711|c0_g1	 PF07569.8,Hira
TR15711|c0_g2	 PF00400.29,WD40;PF00400.29,WD40;PF00400.29,WD40;PF09453.7,HIRA_B
TR15712|c0_g1	 PF02148.16,zf-UBP;PF00443.26,UCH
TR15713|c0_g1	 NA
TR15713|c1_g3	 NA
TR15713|c2_g1	 PF01554.15,MatE
TR15713|c3_g1	 NA
TR15713|c4_g1	 NA
TR15714|c0_g1	 PF01248.23,Ribosomal_L7Ae
TR15714|c0_g2	 NA
TR15715|c0_g1	 PF01715.14,IPPT
TR15716|c0_g1	 NA
TR15716|c1_g1	 NA
TR15716|c2_g1	 NA
TR15717|c2_g1	 NA
TR15720|c0_g1	 NA
TR15722|c0_g1	 PF01762.18,Galactosyl_T
TR15723|c2_g1	 NA
TR15725|c0_g1	 NA
TR15726|c0_g1	 NA
TR15726|c1_g1	 PF00503.17,G-alpha
TR15726|c3_g1	 NA
TR15729|c0_g3	 PF10262.6,Rdx
TR1572|c0_g1	 NA
TR15730|c1_g1	 PF04434.14,SWIM;PF02008.17,zf-CXXC;PF02338.16,OTU
TR15730|c2_g1	 PF15299.3,ALS2CR8
TR15731|c3_g1	 NA
TR15731|c4_g2	 PF05585.9,DUF1758;PF05380.10,Peptidase_A17
TR15735|c1_g1	 PF00530.15,SRCR;PF00530.15,SRCR;PF00530.15,SRCR;PF00530.15,SRCR
TR15735|c3_g1	 PF00530.15,SRCR;PF07714.14,Pkinase_Tyr
TR15735|c3_g2	 PF07714.14,Pkinase_Tyr
TR15735|c4_g1	 PF00530.15,SRCR;PF00530.15,SRCR
TR15738|c3_g1	 NA
TR15738|c4_g1	 NA
TR15740|c0_g1	 NA
TR15742|c1_g1	 PF00106.22,adh_short
TR15744|c0_g1	 NA
TR15744|c0_g2	 PF11977.5,RNase_Zc3h12a
TR15745|c0_g2	 PF00035.23,dsrm;PF00035.23,dsrm
TR15746|c4_g1	 PF13857.3,Ank_5
TR15746|c6_g1	 PF12796.4,Ank_2;PF00531.19,Death
TR15747|c1_g1	 NA
TR15748|c0_g1	 PF00854.18,PTR2
TR15752|c0_g1	 NA
TR15752|c1_g1	 NA
TR15753|c0_g1	 PF13229.3,Beta_helix;PF02415.14,Chlam_PMP
TR15754|c1_g1	 NA
TR15755|c0_g2	 PF00595.21,PDZ;PF00595.21,PDZ;PF00595.21,PDZ;PF02181.20,FH2
TR15759|c1_g1	 NA
TR15762|c1_g1	 NA
TR15763|c0_g2	 PF10033.6,ATG13
TR15765|c0_g1	 PF00168.27,C2;PF00168.27,C2
TR15766|c0_g2	 PF00018.25,SH3_1;PF00017.21,SH2;PF07714.14,Pkinase_Tyr
TR15768|c0_g2	 NA
TR15768|c1_g1	 PF13424.3,TPR_12;PF13424.3,TPR_12
TR15771|c0_g1	 PF00270.26,DEAD;PF00271.28,Helicase_C;PF08147.9,DBP10CT
TR15771|c1_g1	 NA
TR15772|c1_g1	 NA
TR15775|c1_g1	 NA
TR15775|c1_g2	 NA
TR15775|c2_g1	 PF08336.8,P4Ha_N;PF13640.3,2OG-FeII_Oxy_3
TR15778|c0_g1	 NA
TR15778|c0_g2	 NA
TR1577|c1_g1	 NA
TR15780|c0_g1	 NA
TR15780|c1_g1	 PF08445.7,FR47
TR15780|c1_g2	 PF08445.7,FR47
TR15781|c0_g1	 PF01138.18,RNase_PH
TR15782|c1_g1	 NA
TR15782|c1_g2	 NA
TR15783|c1_g1	 PF02214.19,BTB_2
TR15783|c2_g1	 PF02319.17,E2F_TDP;PF16421.2,E2F_CC-MB
TR15784|c0_g1	 PF00589.19,Phage_integrase
TR15788|c0_g2	 PF01392.19,Fz;PF01392.19,Fz;PF01392.19,Fz
TR15789|c0_g1	 PF02615.11,Ldh_2
TR15790|c0_g2	 PF00400.29,WD40;PF00400.29,WD40;PF00400.29,WD40;PF00400.29,WD40;PF00400.29,WD40;PF00400.29,WD40
TR15799|c0_g1	 NA
TR1579|c1_g1	 NA
TR15819|c0_g1	 NA
TR15821|c0_g1	 NA
TR15824|c0_g1	 NA
TR15825|c0_g1	 PF01687.14,Flavokinase
TR15827|c0_g1	 NA
TR1582|c0_g1	 NA
TR15832|c0_g1	 NA
TR1584|c0_g1	 NA
TR1584|c1_g1	 NA
TR15864|c0_g1	 PF00438.17,S-AdoMet_synt_N;PF02772.13,S-AdoMet_synt_M;PF02773.13,S-AdoMet_synt_C
TR15866|c0_g1	 PF03248.10,Rer1
TR1586|c2_g1	 NA
TR1586|c3_g1	 NA
TR1586|c5_g1	 NA
TR15877|c0_g1	 PF04548.13,AIG1
TR158|c0_g2	 PF10255.6,Paf67
TR15900|c0_g1	 NA
TR15901|c1_g1	 PF00620.24,RhoGAP
TR15902|c10_g3	 NA
TR15902|c12_g1	 NA
TR15902|c4_g1	 NA
TR15902|c6_g1	 NA
TR15902|c7_g1	 NA
TR15905|c0_g2	 NA
TR15906|c0_g1	 NA
TR15906|c1_g1	 NA
TR15906|c2_g2	 NA
TR15907|c0_g1	 PF00270.26,DEAD;PF00271.28,Helicase_C;PF02889.13,Sec63;PF00270.26,DEAD
TR15907|c0_g2	 PF02889.13,Sec63
TR15907|c0_g3	 NA
TR15907|c1_g1	 NA
TR15908|c1_g2	 PF00155.18,Aminotran_1_2
TR15908|c1_g3	 NA
TR15908|c1_g4	 PF00155.18,Aminotran_1_2
TR15909|c1_g1	 PF00082.19,Peptidase_S8
TR1590|c0_g1	 NA
TR15910|c0_g3	 PF13927.3,Ig_3;PF13927.3,Ig_3;PF13927.3,Ig_3
TR15912|c10_g1	 NA
TR15912|c2_g2	 NA
TR15912|c5_g1	 NA
TR15913|c3_g1	 NA
TR15913|c3_g2	 NA
TR15913|c3_g3	 NA
TR15914|c0_g1	 PF00009.24,GTP_EFTU;PF03144.22,GTP_EFTU_D2
TR15914|c0_g2	 PF14492.3,EFG_II;PF03764.15,EFG_IV;PF00679.21,EFG_C
TR15914|c1_g3	 PF00005.24,ABC_tran;PF01061.21,ABC2_membrane
TR15915|c0_g2	 NA
TR15915|c4_g1	 PF08477.10,Roc;PF16095.2,COR
TR15915|c8_g1	 NA
TR15916|c2_g2	 PF00225.20,Kinesin
TR15916|c3_g2	 NA
TR15917|c7_g1	 PF00169.26,PH;PF00069.22,Pkinase
TR15917|c8_g1	 PF01336.22,tRNA_anti-codon;PF16900.2,REPA_OB_2
TR15917|c9_g1	 PF16095.2,COR
TR15917|c9_g2	 PF00433.21,Pkinase_C
TR15918|c11_g1	 NA
TR15918|c12_g2	 NA
TR15918|c15_g1	 NA
TR15918|c17_g1	 PF00002.21,7tm_2
TR15918|c1_g1	 NA
TR15918|c1_g2	 NA
TR15918|c5_g1	 PF16489.2,GAIN;PF01825.18,GPS;PF00002.21,7tm_2
TR15918|c8_g2	 NA
TR15919|c16_g1	 NA
TR15919|c2_g2	 NA
TR15919|c4_g2	 NA
TR15919|c5_g1	 NA
TR15919|c7_g1	 NA
TR15919|c9_g1	 PF03034.12,PSS
TR15920|c15_g1	 NA
TR15920|c18_g1	 NA
TR15920|c6_g2	 NA
TR15920|c9_g1	 NA
TR15921|c10_g1	 NA
TR15921|c14_g1	 NA
TR15921|c1_g1	 NA
TR15921|c6_g2	 NA
TR15921|c6_g3	 NA
TR15922|c1_g1	 NA
TR15922|c3_g2	 PF08477.10,Roc;PF16095.2,COR
TR15922|c4_g5	 NA
TR15922|c4_g7	 NA
TR15922|c4_g8	 NA
TR15923|c10_g1	 NA
TR15923|c3_g1	 NA
TR15923|c9_g1	 NA
TR15924|c0_g1	 PF12874.4,zf-met;PF12756.4,zf-C2H2_2
TR15924|c1_g1	 PF01728.16,FtsJ;PF11861.5,DUF3381;PF07780.9,Spb1_C
TR15924|c1_g2	 PF07780.9,Spb1_C
TR15925|c0_g1	 PF00536.27,SAM_1;PF07647.14,SAM_2
TR15925|c1_g1	 NA
TR15925|c1_g3	 PF03142.12,Chitin_synth_2
TR15925|c1_g5	 NA
TR15926|c18_g1	 PF13181.3,TPR_8
TR15926|c1_g1	 NA
TR15926|c3_g2	 NA
TR15926|c4_g1	 NA
TR15926|c9_g1	 NA
TR15927|c11_g1	 NA
TR15927|c3_g2	 NA
TR15927|c4_g1	 NA
TR15927|c7_g1	 PF00225.20,Kinesin;PF00610.18,DEP;PF12796.4,Ank_2
TR15927|c9_g1	 NA
TR15929|c5_g1	 NA
TR15929|c7_g1	 PF02580.13,Tyr_Deacylase;PF13393.3,tRNA-synt_His;PF03129.17,HGTP_anticodon
TR15929|c8_g2	 NA
TR15930|c4_g1	 NA
TR15930|c6_g1	 NA
TR15930|c7_g1	 NA
TR15932|c4_g2	 NA
TR15932|c5_g1	 PF01263.17,Aldose_epim
TR15932|c5_g2	 PF01263.17,Aldose_epim
TR15932|c6_g1	 NA
TR15934|c9_g1	 NA
TR15936|c1_g4	 PF02137.15,A_deamin;PF02137.15,A_deamin
TR15937|c11_g1	 NA
TR15937|c11_g2	 PF10300.6,DUF3808
TR15937|c11_g3	 NA
TR15937|c14_g1	 NA
TR15937|c19_g1	 NA
TR15937|c3_g1	 NA
TR15937|c4_g2	 NA
TR15937|c5_g2	 NA
TR15937|c6_g1	 NA
TR15937|c9_g1	 NA
TR15938|c0_g1	 NA
TR15939|c0_g1	 NA
TR15940|c10_g1	 NA
TR15940|c11_g1	 PF06271.9,RDD
TR15940|c16_g1	 NA
TR15940|c2_g1	 NA
TR15940|c8_g1	 NA
TR15940|c8_g3	 NA
TR15941|c1_g2	 NA
TR15941|c4_g1	 NA
TR15943|c0_g1	 PF00083.21,Sugar_tr;PF00083.21,Sugar_tr
TR15944|c10_g2	 NA
TR15944|c11_g1	 NA
TR15944|c1_g1	 NA
TR15944|c8_g3	 NA
TR15944|c9_g4	 NA
TR15945|c11_g1	 PF00168.27,C2;PF00168.27,C2;PF07002.13,Copine
TR15945|c11_g2	 PF07002.13,Copine
TR15945|c11_g3	 PF07002.13,Copine
TR15945|c21_g1	 NA
TR15945|c5_g1	 NA
TR15945|c5_g2	 NA
TR15945|c7_g1	 NA
TR15945|c8_g3	 NA
TR15945|c9_g1	 PF13695.3,zf-3CxxC
TR15946|c2_g1	 NA
TR15946|c2_g2	 NA
TR15946|c6_g1	 PF01562.16,Pep_M12B_propep;PF13688.3,Reprolysin_5
TR15946|c6_g2	 NA
TR15946|c7_g2	 NA
TR15947|c11_g1	 NA
TR15947|c14_g1	 NA
TR15947|c18_g1	 NA
TR15947|c4_g1	 NA
TR15947|c5_g1	 NA
TR15947|c6_g1	 NA
TR15947|c8_g1	 PF13855.3,LRR_8;PF13855.3,LRR_8
TR15947|c9_g1	 NA
TR15947|c9_g2	 NA
TR15948|c2_g1	 NA
TR15948|c2_g3	 PF03451.11,HELP;PF00400.29,WD40;PF00400.29,WD40;PF00400.29,WD40;PF00400.29,WD40;PF00400.29,WD40
TR15949|c0_g1	 PF03645.10,Tctex-1
TR15949|c3_g1	 PF13637.3,Ank_4;PF13637.3,Ank_4
TR15949|c5_g1	 PF13855.3,LRR_8
TR15949|c5_g2	 NA
TR15949|c5_g3	 NA
TR15949|c5_g4	 NA
TR15949|c5_g5	 PF00307.28,CH
TR15949|c5_g6	 PF00069.22,Pkinase;PF00069.22,Pkinase
TR15949|c5_g8	 NA
TR15949|c6_g1	 PF03937.13,Sdh5
TR1594|c1_g1	 NA
TR1594|c2_g1	 NA
TR15950|c3_g1	 PF11717.5,Tudor-knot;PF05712.10,MRG
TR15950|c4_g1	 PF09380.7,FERM_C;PF09379.7,FERM_N;PF00316.17,FBPase
TR15950|c6_g1	 NA
TR15950|c7_g1	 NA
TR15951|c3_g2	 NA
TR15951|c4_g4	 PF05869.8,Dam
TR15951|c4_g6	 NA
TR15952|c2_g1	 NA
TR15952|c4_g1	 NA
TR15953|c12_g1	 NA
TR15953|c13_g1	 NA
TR15953|c17_g1	 NA
TR15953|c18_g1	 NA
TR15953|c1_g1	 NA
TR15953|c28_g1	 NA
TR15953|c4_g1	 NA
TR15953|c9_g2	 NA
TR15954|c0_g1	 PF00078.24,RVT_1
TR15954|c3_g1	 PF02274.14,Amidinotransf
TR15954|c3_g3	 NA
TR15954|c5_g1	 NA
TR15954|c6_g1	 NA
TR15955|c0_g1	 NA
TR15955|c1_g1	 NA
TR15955|c3_g2	 PF01661.18,Macro;PF00644.17,PARP
TR15956|c0_g1	 PF00169.26,PH
TR15956|c0_g3	 NA
TR15956|c6_g1	 NA
TR15957|c5_g2	 NA
TR15957|c6_g1	 PF13871.3,Helicase_C_4
TR15957|c6_g2	 PF13872.3,AAA_34
TR15957|c6_g3	 NA
TR15957|c9_g1	 NA
TR15959|c0_g1	 NA
TR15959|c12_g1	 NA
TR15959|c13_g1	 NA
TR15959|c1_g2	 NA
TR15959|c20_g1	 NA
TR15959|c4_g1	 NA
TR15959|c5_g1	 PF00282.16,Pyridoxal_deC
TR15959|c5_g2	 NA
TR15959|c8_g1	 NA
TR1595|c0_g2	 NA
TR15960|c2_g1	 NA
TR15960|c3_g1	 PF05008.12,V-SNARE
TR15960|c4_g1	 PF04749.14,PLAC8
TR15961|c2_g1	 PF00069.22,Pkinase
TR15961|c3_g1	 NA
TR15961|c4_g1	 PF00130.19,C1_1;PF00130.19,C1_1;PF00788.20,RA;PF00781.21,DAGK_cat;PF00609.16,DAGK_acc
TR15961|c8_g1	 NA
TR15962|c0_g2	 PF12796.4,Ank_2
TR15962|c0_g4	 NA
TR15963|c10_g1	 NA
TR15963|c6_g1	 PF00095.18,WAP;PF05375.10,Pacifastin_I
TR15964|c0_g4	 PF00069.22,Pkinase
TR15965|c17_g1	 PF00886.16,Ribosomal_S16
TR15965|c3_g1	 NA
TR15965|c8_g3	 NA
TR15965|c9_g1	 NA
TR15967|c0_g2	 PF00004.26,AAA
TR15967|c1_g1	 NA
TR15969|c0_g3	 NA
TR15971|c2_g2	 PF00640.20,PID;PF12473.5,DUF3694
TR15971|c4_g1	 NA
TR15972|c13_g1	 PF03184.16,DDE_1;PF05225.13,HTH_psq
TR15972|c20_g1	 NA
TR15972|c5_g1	 NA
TR15972|c9_g1	 PF00368.15,HMG-CoA_red
TR15972|c9_g2	 PF00368.15,HMG-CoA_red;PF02958.17,EcKinase
TR15973|c10_g1	 NA
TR15973|c12_g1	 NA
TR15973|c7_g1	 PF00078.24,RVT_1;PF05869.8,Dam
TR15974|c1_g3	 PF12698.4,ABC2_membrane_3
TR15975|c3_g1	 NA
TR15975|c3_g2	 NA
TR15975|c9_g1	 NA
TR15976|c0_g1	 NA
TR15976|c1_g1	 NA
TR15976|c2_g1	 NA
TR15976|c4_g1	 NA
TR15976|c6_g1	 NA
TR15977|c0_g1	 PF15630.3,CENP-S
TR15977|c19_g1	 NA
TR15977|c5_g1	 PF00400.29,WD40;PF00400.29,WD40
TR15977|c6_g1	 NA
TR15978|c1_g1	 NA
TR15978|c4_g1	 PF12780.4,AAA_8
TR15978|c5_g2	 PF00443.26,UCH
TR15978|c7_g1	 NA
TR15979|c6_g1	 NA
TR15979|c7_g2	 NA
TR15980|c0_g1	 NA
TR15980|c1_g2	 NA
TR15980|c2_g1	 NA
TR15980|c2_g2	 NA
TR15980|c2_g3	 NA
TR15980|c4_g1	 NA
TR15981|c0_g1	 NA
TR15981|c10_g1	 NA
TR15981|c11_g1	 NA
TR15981|c13_g1	 NA
TR15983|c11_g1	 NA
TR15983|c16_g1	 NA
TR15983|c18_g1	 NA
TR15983|c7_g1	 NA
TR15984|c0_g1	 NA
TR15984|c12_g1	 PF01026.18,TatD_DNase
TR15984|c15_g1	 NA
TR15984|c2_g2	 NA
TR15984|c3_g1	 NA
TR15984|c6_g4	 NA
TR15984|c7_g3	 NA
TR15984|c8_g1	 NA
TR15984|c9_g1	 PF10272.6,Tmpp129
TR15985|c20_g1	 NA
TR15985|c7_g1	 PF13920.3,zf-C3HC4_3
TR15985|c9_g1	 NA
TR15986|c1_g1	 PF07002.13,Copine
TR15986|c2_g1	 PF00168.27,C2;PF00168.27,C2;PF07002.13,Copine
TR15986|c2_g2	 PF07002.13,Copine
TR15986|c2_g5	 NA
TR15987|c0_g1	 NA
TR15988|c3_g1	 NA
TR15988|c3_g2	 NA
TR15988|c6_g1	 NA
TR15988|c8_g1	 NA
TR1598|c0_g1	 NA
TR15990|c10_g1	 PF00092.25,VWA
TR15990|c11_g1	 NA
TR15990|c13_g1	 PF00415.15,RCC1;PF00415.15,RCC1;PF00415.15,RCC1;PF00415.15,RCC1;PF00415.15,RCC1;PF00415.15,RCC1;PF00632.22,HECT
TR15990|c1_g1	 PF00270.26,DEAD;PF00271.28,Helicase_C
TR15990|c4_g1	 NA
TR15990|c4_g2	 NA
TR15990|c7_g3	 NA
TR15990|c9_g1	 NA
TR15990|c9_g2	 NA
TR15991|c0_g1	 NA
TR15991|c0_g2	 NA
TR15991|c10_g2	 NA
TR15991|c11_g2	 NA
TR15991|c17_g1	 NA
TR15991|c19_g1	 PF00619.18,CARD
TR15991|c21_g1	 NA
TR15993|c13_g1	 NA
TR15993|c4_g1	 PF12796.4,Ank_2;PF12796.4,Ank_2;PF15898.2,PRKG1_interact
TR15993|c6_g2	 NA
TR15993|c6_g5	 NA
TR15993|c7_g1	 NA
TR15993|c8_g1	 NA
TR15994|c3_g2	 PF00023.27,Ank;PF12796.4,Ank_2;PF12796.4,Ank_2;PF12796.4,Ank_2;PF12796.4,Ank_2;PF12796.4,Ank_2
TR15994|c5_g2	 PF13637.3,Ank_4;PF12796.4,Ank_2
TR15994|c5_g3	 NA
TR15995|c0_g1	 PF06468.10,Spond_N;PF06468.10,Spond_N
TR15997|c13_g1	 NA
TR15997|c6_g1	 NA
TR15997|c9_g2	 NA
TR15998|c10_g1	 NA
TR15998|c14_g1	 NA
TR15998|c16_g1	 NA
TR15998|c4_g1	 NA
TR15998|c6_g2	 NA
TR15998|c7_g1	 NA
TR15999|c5_g1	 NA
TR15999|c9_g2	 PF00078.24,RVT_1
TR16000|c2_g4	 NA
TR16000|c3_g1	 PF05978.13,UNC-93
TR16000|c4_g2	 PF07707.12,BACK;PF01344.22,Kelch_1;PF01344.22,Kelch_1;PF01344.22,Kelch_1;PF01344.22,Kelch_1;PF01344.22,Kelch_1
TR16004|c0_g2	 PF00071.19,Ras
TR1601|c1_g1	 NA
TR1602|c0_g1	 NA
TR16032|c0_g1	 NA
TR16036|c0_g1	 PF15169.3,DUF4564
TR1603|c0_g2	 NA
TR16040|c0_g1	 PF12796.4,Ank_2;PF12796.4,Ank_2;PF12796.4,Ank_2
TR16044|c0_g1	 NA
TR16064|c1_g1	 PF00665.23,rve
TR16065|c1_g1	 NA
TR16071|c0_g1	 NA
TR1608|c2_g2	 NA
TR16099|c0_g1	 NA
TR160|c1_g1	 NA
TR16104|c0_g1	 NA
TR16104|c1_g2	 NA
TR16107|c0_g1	 PF00504.18,Chloroa_b-bind
TR16108|c0_g1	 NA
TR16116|c0_g1	 NA
TR16118|c0_g1	 NA
TR16132|c0_g1	 NA
TR16140|c0_g1	 PF13202.3,EF-hand_5;PF00036.29,EF-hand_1;PF13202.3,EF-hand_5
TR16141|c2_g1	 NA
TR16142|c0_g1	 PF13516.3,LRR_6;PF13516.3,LRR_6;PF13516.3,LRR_6;PF13516.3,LRR_6;PF13516.3,LRR_6
TR16143|c0_g1	 NA
TR16143|c1_g1	 NA
TR16147|c0_g1	 NA
TR16147|c1_g1	 PF03330.15,DPBB_1
TR16148|c0_g1	 NA
TR16148|c1_g1	 NA
TR16149|c0_g1	 NA
TR16152|c1_g1	 PF00354.14,Pentaxin
TR16157|c1_g1	 NA
TR16173|c2_g1	 NA
TR16174|c0_g1	 PF01391.15,Collagen
TR16175|c0_g1	 PF00153.24,Mito_carr;PF00153.24,Mito_carr;PF00153.24,Mito_carr
TR16176|c1_g1	 NA
TR16177|c0_g1	 PF10170.6,C6_DPF
TR1618|c0_g1	 PF01246.17,Ribosomal_L24e
TR16191|c0_g1	 NA
TR161|c0_g1	 PF04989.9,CmcI
TR16205|c0_g1	 PF14295.3,PAN_4
TR16209|c0_g1	 NA
TR1620|c0_g1	 PF13920.3,zf-C3HC4_3
TR1620|c0_g2	 PF13920.3,zf-C3HC4_3
TR16210|c0_g1	 NA
TR16213|c0_g1	 PF16320.2,Ribosomal_L12_N;PF00542.16,Ribosomal_L12
TR16214|c0_g1	 NA
TR16218|c0_g1	 PF03962.12,Mnd1
TR16220|c0_g1	 PF13927.3,Ig_3
TR16224|c0_g1	 PF00071.19,Ras
TR16229|c0_g1	 NA
TR16230|c0_g1	 NA
TR16233|c0_g1	 NA
TR16236|c0_g1	 NA
TR16237|c0_g1	 NA
TR16242|c0_g1	 NA
TR16249|c0_g1	 NA
TR16253|c0_g1	 PF03160.11,Calx-beta;PF03160.11,Calx-beta
TR16259|c0_g1	 PF00069.22,Pkinase
TR16268|c0_g1	 NA
TR16269|c0_g1	 NA
TR16270|c0_g1	 PF00307.28,CH;PF02187.14,GAS2
TR16278|c0_g1	 NA
TR16279|c0_g1	 NA
TR16281|c0_g1	 NA
TR16288|c0_g1	 PF01569.18,PAP2
TR16295|c0_g1	 PF01105.21,EMP24_GP25L
TR16299|c0_g1	 PF03244.11,PSI_PsaH
TR162|c0_g2	 PF00443.26,UCH
TR16300|c0_g1	 NA
TR16303|c0_g1	 NA
TR16310|c0_g1	 NA
TR16314|c0_g1	 PF07147.9,PDCD9
TR16321|c0_g1	 NA
TR16331|c0_g1	 PF07679.13,I-set
TR16343|c0_g1	 PF03330.15,DPBB_1;PF01357.18,Pollen_allerg_1
TR16347|c0_g1	 NA
TR16350|c0_g1	 PF00293.25,NUDIX
TR16363|c0_g1	 NA
TR16375|c1_g1	 PF00078.24,RVT_1
TR16382|c0_g1	 PF00531.19,Death
TR16382|c1_g1	 PF13445.3,zf-RING_UBOX;PF00643.21,zf-B_box;PF01436.18,NHL
TR16388|c0_g1	 NA
TR16396|c0_g1	 NA
TR163|c0_g1	 PF01624.17,MutS_I;PF05188.14,MutS_II;PF05192.15,MutS_III;PF05190.15,MutS_IV;PF00488.18,MutS_V
TR163|c0_g2	 NA
TR16412|c0_g1	 NA
TR16413|c0_g1	 PF12796.4,Ank_2
TR16414|c0_g1	 NA
TR16415|c0_g1	 NA
TR16430|c0_g1	 NA
TR16437|c0_g1	 NA
TR16440|c0_g1	 NA
TR16464|c0_g1	 PF05241.9,EBP
TR16468|c0_g1	 NA
TR164|c2_g1	 NA
TR16513|c0_g1	 NA
TR16514|c1_g1	 NA
TR16516|c0_g1	 NA
TR16528|c0_g1	 NA
TR16529|c0_g1	 PF00134.20,Cyclin_N
TR16531|c0_g2	 NA
TR16534|c0_g2	 PF00530.15,SRCR;PF00530.15,SRCR
TR16542|c0_g2	 NA
TR16556|c0_g1	 NA
TR16571|c0_g1	 NA
TR16576|c0_g1	 NA
TR16579|c0_g1	 PF00106.22,adh_short
TR16581|c0_g2	 PF14295.3,PAN_4;PF08244.9,Glyco_hydro_32C
TR16593|c0_g1	 NA
TR165|c0_g1	 PF02475.13,Met_10
TR16609|c0_g1	 NA
TR16619|c0_g1	 PF00752.14,XPG_N;PF00867.15,XPG_I
TR16643|c0_g1	 PF00297.19,Ribosomal_L3
TR16732|c0_g1	 NA
TR16747|c0_g1	 NA
TR16752|c0_g1	 NA
TR16768|c0_g2	 NA
TR16774|c0_g2	 PF00018.25,SH3_1;PF00017.21,SH2;PF07714.14,Pkinase_Tyr;PF03798.13,TRAM_LAG1_CLN8
TR16779|c0_g1	 NA
TR16790|c0_g1	 NA
TR16792|c0_g1	 PF00307.28,CH;PF03271.14,EB1
TR16797|c0_g1	 NA
TR167|c0_g1	 PF00643.21,zf-B_box;PF00643.21,zf-B_box
TR167|c0_g2	 NA
TR16812|c0_g1	 NA
TR16815|c0_g1	 PF00175.18,NAD_binding_1
TR16818|c0_g2	 NA
TR16826|c0_g1	 NA
TR1683|c0_g1	 PF12796.4,Ank_2
TR16843|c0_g1	 NA
TR16845|c0_g1	 NA
TR16846|c0_g1	 PF00504.18,Chloroa_b-bind
TR1686|c0_g1	 NA
TR16874|c0_g1	 PF01564.14,Spermine_synth
TR16877|c1_g1	 NA
TR16882|c1_g1	 NA
TR16888|c0_g1	 PF00646.30,F-box
TR16888|c0_g2	 PF00646.30,F-box
TR16894|c0_g1	 PF00017.21,SH2;PF07714.14,Pkinase_Tyr;PF16095.2,COR
TR16905|c0_g1	 PF01476.17,LysM
TR16908|c0_g1	 NA
TR16917|c0_g1	 NA
TR16921|c0_g1	 NA
TR16926|c0_g2	 NA
TR16928|c0_g1	 PF00415.15,RCC1;PF00415.15,RCC1;PF00415.15,RCC1;PF00415.15,RCC1;PF00415.15,RCC1;PF00415.15,RCC1
TR16934|c0_g1	 NA
TR16935|c0_g1	 NA
TR16956|c0_g1	 NA
TR16957|c0_g1	 PF01641.15,SelR
TR16973|c0_g1	 NA
TR16973|c0_g2	 NA
TR16976|c0_g1	 PF02198.13,SAM_PNT
TR16|c0_g1	 PF13855.3,LRR_8;PF13855.3,LRR_8;PF03483.14,B3_4
TR17006|c0_g1	 NA
TR17048|c0_g1	 NA
TR17058|c0_g1	 NA
TR17060|c0_g1	 PF06109.10,HlyE
TR17066|c0_g1	 NA
TR17098|c0_g1	 PF00333.17,Ribosomal_S5;PF03719.12,Ribosomal_S5_C
TR17110|c0_g1	 PF08570.7,DUF1761
TR17113|c0_g1	 NA
TR17134|c0_g1	 NA
TR17136|c0_g1	 NA
TR17137|c0_g1	 PF00025.18,Arf
TR17145|c0_g1	 NA
TR17157|c0_g1	 NA
TR17158|c0_g1	 NA
TR17161|c0_g1	 NA
TR17163|c0_g1	 PF13812.3,PPR_3;PF13812.3,PPR_3;PF01535.17,PPR
TR17175|c0_g1	 PF05241.9,EBP
TR17184|c0_g1	 PF10584.6,Proteasome_A_N;PF00227.23,Proteasome
TR17185|c0_g1	 NA
TR17192|c0_g1	 PF00071.19,Ras
TR17194|c0_g1	 NA
TR17208|c0_g1	 NA
TR17219|c0_g1	 NA
TR1723|c0_g1	 PF05458.9,Siva
TR17247|c0_g1	 NA
TR17262|c0_g1	 NA
TR17264|c0_g1	 PF14970.3,DUF4509
TR17289|c0_g1	 NA
TR17293|c0_g1	 NA
TR17298|c0_g1	 NA
TR17305|c0_g1	 NA
TR17316|c0_g1	 NA
TR17326|c0_g1	 PF13613.3,HTH_Tnp_4;PF13359.3,DDE_Tnp_4
TR17341|c0_g1	 NA
TR17342|c0_g1	 NA
TR17366|c0_g1	 NA
TR17367|c0_g1	 NA
TR17368|c0_g1	 NA
TR17382|c0_g1	 NA
TR17383|c0_g1	 NA
TR17383|c1_g1	 NA
TR17384|c0_g1	 PF00782.17,DSPc
TR17384|c0_g2	 PF00782.17,DSPc
TR17384|c2_g1	 NA
TR17386|c1_g1	 NA
TR17387|c0_g1	 PF01363.18,FYVE;PF11464.5,Rbsn
TR17387|c0_g2	 PF01363.18,FYVE;PF11464.5,Rbsn
TR17389|c1_g1	 NA
TR17393|c0_g1	 NA
TR17394|c0_g2	 NA
TR173|c0_g1	 PF13975.3,gag-asp_proteas;PF00078.24,RVT_1;PF09337.7,zf-H2C2;PF00665.23,rve
TR17400|c0_g1	 NA
TR17400|c0_g2	 PF01532.17,Glyco_hydro_47
TR17401|c0_g1	 NA
TR17402|c1_g1	 PF10236.6,DAP3
TR17404|c0_g1	 NA
TR17404|c0_g2	 PF03031.15,NIF
TR17406|c1_g1	 NA
TR17411|c0_g1	 PF02990.13,EMP70
TR17413|c0_g2	 PF07714.14,Pkinase_Tyr
TR17414|c0_g1	 PF01193.21,RNA_pol_L;PF01000.23,RNA_pol_A_bac
TR17416|c0_g2	 NA
TR17416|c6_g1	 NA
TR1741|c1_g1	 PF00094.22,VWD
TR17421|c2_g1	 NA
TR17422|c1_g1	 NA
TR17423|c1_g1	 PF10208.6,Armet
TR17428|c0_g1	 PF05485.9,THAP
TR17429|c3_g1	 NA
TR17431|c1_g1	 PF01553.18,Acyltransferase;PF16076.2,Acyltransf_C
TR17433|c1_g1	 PF03372.20,Exo_endo_phos
TR17433|c1_g2	 PF03372.20,Exo_endo_phos
TR17436|c0_g1	 NA
TR17436|c0_g2	 NA
TR17436|c0_g4	 NA
TR17439|c0_g2	 PF05679.13,CHGN
TR1743|c0_g1	 NA
TR17441|c0_g2	 NA
TR17443|c0_g1	 PF00919.17,UPF0004;PF04055.18,Radical_SAM
TR17444|c2_g1	 NA
TR17446|c0_g1	 NA
TR17447|c0_g1	 PF13639.3,zf-RING_2
TR17448|c0_g1	 NA
TR17449|c0_g1	 PF01131.17,Topoisom_bac;PF01751.19,Toprim
TR17453|c2_g1	 NA
TR17454|c0_g1	 PF03747.11,ADP_ribosyl_GH
TR17459|c0_g2	 PF00069.22,Pkinase
TR17459|c1_g1	 NA
TR17459|c2_g1	 NA
TR17461|c0_g1	 NA
TR17461|c1_g1	 NA
TR17464|c0_g1	 PF10237.6,N6-adenineMlase
TR17464|c0_g3	 PF10237.6,N6-adenineMlase
TR17465|c0_g3	 NA
TR17466|c2_g1	 NA
TR17467|c0_g1	 NA
TR17469|c0_g2	 NA
TR17472|c0_g1	 NA
TR17474|c0_g1	 PF08585.9,RMI1_N;PF16099.2,RMI1_C
TR17476|c0_g1	 PF10480.6,ICAP-1_inte_bdg;PF16545.2,CCM2_C
TR17476|c0_g2	 PF10480.6,ICAP-1_inte_bdg
TR1748|c0_g2	 PF00504.18,Chloroa_b-bind
TR1748|c1_g1	 PF00504.18,Chloroa_b-bind
TR1748|c2_g1	 PF00504.18,Chloroa_b-bind
TR17495|c0_g1	 NA
TR17496|c0_g1	 PF00653.18,BIR;PF13920.3,zf-C3HC4_3
TR17498|c0_g1	 PF00071.19,Ras
TR17505|c0_g1	 NA
TR17517|c0_g1	 NA
TR1751|c1_g1	 NA
TR17532|c1_g1	 NA
TR17534|c0_g1	 PF01661.18,Macro
TR17537|c0_g2	 PF00169.26,PH
TR17539|c0_g1	 PF08547.9,CIA30;PF13920.3,zf-C3HC4_3
TR17540|c0_g1	 NA
TR1754|c0_g1	 NA
TR17550|c1_g1	 PF13927.3,Ig_3
TR17571|c0_g2	 NA
TR1757|c1_g1	 NA
TR17581|c0_g1	 PF00504.18,Chloroa_b-bind
TR17594|c1_g1	 NA
TR17596|c2_g1	 NA
TR17601|c2_g1	 PF13460.3,NAD_binding_10
TR17602|c1_g1	 NA
TR17612|c0_g1	 PF03144.22,GTP_EFTU_D2;PF03143.14,GTP_EFTU_D3
TR17613|c0_g1	 NA
TR1762|c0_g3	 PF04937.12,DUF659
TR17633|c0_g1	 NA
TR17639|c0_g1	 PF03297.12,Ribosomal_S25
TR17644|c0_g1	 NA
TR1764|c1_g2	 NA
TR1764|c2_g1	 NA
TR1765|c0_g1	 PF03020.12,LEM;PF13857.3,Ank_5
TR1765|c0_g2	 PF03020.12,LEM;PF13857.3,Ank_5
TR17668|c0_g1	 NA
TR17675|c0_g1	 NA
TR1767|c0_g1	 NA
TR1767|c0_g2	 NA
TR1767|c1_g1	 PF00043.22,GST_C
TR17682|c0_g1	 PF17135.1,Ribosomal_L18
TR17684|c0_g1	 NA
TR17692|c0_g1	 PF07690.13,MFS_1
TR17697|c0_g1	 PF00566.15,RabGAP-TBC
TR17701|c0_g1	 NA
TR17708|c0_g1	 NA
TR17712|c0_g1	 PF00069.22,Pkinase
TR17712|c0_g2	 PF00069.22,Pkinase
TR17717|c0_g1	 PF00855.14,PWWP
TR17717|c0_g2	 PF00855.14,PWWP;PF03221.13,HTH_Tnp_Tc5;PF03221.13,HTH_Tnp_Tc5;PF03221.13,HTH_Tnp_Tc5
TR17718|c0_g1	 PF06549.9,DUF1118
TR17730|c0_g1	 PF01697.24,Glyco_transf_92
TR17735|c0_g1	 PF10277.6,Frag1
TR1773|c0_g1	 NA
TR1774|c0_g1	 NA
TR17756|c0_g1	 NA
TR17759|c1_g1	 NA
TR17761|c0_g2	 NA
TR17765|c0_g1	 PF00380.16,Ribosomal_S9
TR17779|c0_g1	 NA
TR17779|c1_g1	 NA
TR1777|c0_g1	 PF10199.6,Adaptin_binding
TR17784|c0_g1	 NA
TR1778|c0_g1	 PF01593.21,Amino_oxidase
TR1778|c0_g2	 PF01593.21,Amino_oxidase
TR177|c0_g1	 PF03221.13,HTH_Tnp_Tc5
TR177|c0_g2	 PF03221.13,HTH_Tnp_Tc5;PF03221.13,HTH_Tnp_Tc5
TR17803|c0_g1	 NA
TR17811|c1_g2	 PF16739.2,CARD_2
TR17811|c4_g1	 PF06337.9,DUSP;PF14836.3,Ubiquitin_3;PF00443.26,UCH
TR17811|c7_g1	 NA
TR17812|c1_g1	 PF00383.20,dCMP_cyt_deam_1
TR17813|c0_g1	 NA
TR17813|c1_g2	 PF00025.18,Arf
TR17813|c1_g3	 NA
TR17813|c2_g1	 PF01764.22,Lipase_3
TR17814|c0_g1	 NA
TR17814|c1_g1	 NA
TR17814|c3_g1	 PF04263.13,TPK_catalytic;PF04265.11,TPK_B1_binding
TR17814|c4_g1	 PF10018.6,Med4
TR17814|c5_g1	 NA
TR17815|c10_g1	 NA
TR17815|c2_g1	 NA
TR17815|c8_g1	 PF15003.3,HAUS2
TR17815|c9_g1	 NA
TR17815|c9_g2	 NA
TR17815|c9_g3	 NA
TR17815|c9_g5	 PF00530.15,SRCR;PF00530.15,SRCR;PF00041.18,fn3
TR17816|c13_g1	 NA
TR17816|c14_g1	 NA
TR17816|c15_g1	 NA
TR17816|c1_g1	 NA
TR17816|c3_g2	 NA
TR17816|c6_g1	 PF00675.17,Peptidase_M16;PF05193.18,Peptidase_M16_C;PF16187.2,Peptidase_M16_M;PF05193.18,Peptidase_M16_C
TR17816|c6_g2	 PF00675.17,Peptidase_M16;PF05193.18,Peptidase_M16_C;PF16187.2,Peptidase_M16_M
TR17816|c8_g2	 NA
TR17816|c8_g3	 NA
TR17816|c8_g6	 NA
TR17816|c9_g1	 NA
TR17817|c5_g2	 NA
TR17817|c6_g1	 NA
TR17818|c1_g1	 NA
TR17818|c1_g3	 NA
TR17818|c1_g4	 NA
TR17818|c1_g5	 PF05843.11,Suf
TR17819|c7_g1	 PF01513.18,NAD_kinase
TR1781|c0_g2	 NA
TR17820|c10_g1	 PF15985.2,KH_6
TR17820|c11_g2	 PF04437.10,RINT1_TIP1
TR17820|c17_g1	 NA
TR17820|c18_g1	 NA
TR17820|c2_g1	 NA
TR17820|c6_g1	 PF12796.4,Ank_2;PF01753.15,zf-MYND
TR17820|c8_g1	 NA
TR17821|c16_g1	 PF06155.9,DUF971;PF02668.13,TauD
TR17821|c20_g1	 NA
TR17821|c23_g1	 NA
TR17821|c9_g1	 PF00293.25,NUDIX
TR17822|c0_g1	 NA
TR17822|c0_g2	 NA
TR17822|c12_g1	 NA
TR17822|c17_g1	 NA
TR17822|c2_g1	 NA
TR17822|c4_g2	 NA
TR17822|c4_g4	 NA
TR17822|c6_g1	 PF03097.15,BRO1;PF13949.3,ALIX_LYPXL_bnd
TR17822|c8_g1	 PF00498.23,FHA;PF00069.22,Pkinase
TR17823|c0_g1	 NA
TR17823|c1_g1	 NA
TR17823|c2_g1	 PF08246.9,Inhibitor_I29;PF00112.20,Peptidase_C1
TR17823|c6_g1	 NA
TR17824|c0_g1	 NA
TR17826|c2_g1	 NA
TR17826|c3_g1	 NA
TR17826|c4_g1	 PF00531.19,Death
TR17826|c4_g2	 NA
TR17826|c5_g1	 NA
TR17826|c8_g1	 NA
TR17827|c0_g2	 NA
TR17827|c1_g2	 PF16470.2,S8_pro-domain
TR17827|c7_g1	 NA
TR17829|c8_g1	 NA
TR17829|c9_g1	 PF00415.15,RCC1;PF00415.15,RCC1;PF00415.15,RCC1;PF00415.15,RCC1;PF00415.15,RCC1;PF00415.15,RCC1;PF00415.15,RCC1
TR17830|c1_g1	 PF13649.3,Methyltransf_25
TR17831|c12_g1	 NA
TR17831|c16_g1	 NA
TR17831|c6_g1	 NA
TR17831|c6_g2	 NA
TR17831|c7_g1	 PF02014.13,Reeler
TR17831|c9_g2	 PF07648.12,Kazal_2;PF00050.18,Kazal_1
TR17832|c1_g1	 PF01457.13,Peptidase_M8
TR17832|c1_g2	 PF01457.13,Peptidase_M8
TR17832|c3_g1	 PF01457.13,Peptidase_M8;PF06119.11,NIDO
TR17833|c2_g1	 NA
TR17833|c3_g1	 NA
TR17833|c4_g1	 NA
TR17833|c6_g1	 NA
TR17833|c8_g1	 PF03160.11,Calx-beta;PF03160.11,Calx-beta
TR17834|c2_g1	 NA
TR17834|c4_g3	 NA
TR17834|c5_g1	 PF03351.14,DOMON;PF03351.14,DOMON
TR17834|c6_g1	 PF03067.12,LPMO_10
TR17835|c0_g1	 NA
TR17835|c0_g2	 NA
TR17835|c2_g1	 NA
TR17835|c3_g1	 NA
TR17835|c6_g1	 NA
TR17835|c8_g1	 NA
TR17836|c10_g1	 NA
TR17836|c10_g2	 NA
TR17836|c11_g2	 NA
TR17836|c12_g1	 NA
TR17836|c15_g1	 NA
TR17836|c2_g1	 NA
TR17836|c4_g1	 NA
TR17836|c7_g1	 PF01926.20,MMR_HSR1
TR17836|c8_g1	 PF00514.20,Arm;PF00514.20,Arm
TR17836|c9_g2	 NA
TR17837|c2_g2	 PF06346.9,Drf_FH1
TR17839|c0_g1	 PF09531.7,Ndc1_Nup
TR17840|c0_g2	 PF05922.13,Inhibitor_I9;PF00082.19,Peptidase_S8
TR17841|c0_g2	 NA
TR17841|c3_g1	 NA
TR17842|c1_g2	 PF16656.2,Pur_ac_phosph_N;PF00149.25,Metallophos;PF14008.3,Metallophos_C
TR17844|c0_g1	 NA
TR17844|c11_g1	 NA
TR17844|c4_g1	 PF00081.19,Sod_Fe_N;PF02777.15,Sod_Fe_C
TR17844|c4_g2	 PF00081.19,Sod_Fe_N;PF02777.15,Sod_Fe_C
TR17844|c5_g1	 PF16686.2,POT1PC;PF03951.16,Gln-synt_N;PF00120.21,Gln-synt_C;PF02765.14,POT1
TR17846|c0_g1	 NA
TR17846|c19_g1	 NA
TR17846|c1_g1	 NA
TR17846|c2_g1	 NA
TR17846|c3_g1	 NA
TR17846|c3_g2	 NA
TR17846|c4_g1	 NA
TR17846|c7_g2	 NA
TR17846|c9_g1	 PF07159.9,DUF1394;PF05994.8,FragX_IP
TR17847|c1_g1	 NA
TR17847|c1_g2	 NA
TR17847|c2_g1	 NA
TR17848|c0_g1	 PF07258.11,HCaRG
TR17848|c3_g2	 NA
TR17848|c4_g2	 NA
TR1784|c1_g1	 NA
TR17851|c0_g2	 NA
TR17851|c13_g1	 NA
TR17851|c2_g1	 NA
TR17851|c3_g1	 NA
TR17851|c5_g1	 NA
TR17851|c9_g1	 NA
TR17852|c10_g1	 NA
TR17852|c16_g1	 NA
TR17852|c3_g2	 NA
TR17852|c3_g3	 NA
TR17852|c7_g1	 NA
TR17852|c7_g2	 NA
TR17852|c8_g2	 NA
TR17854|c3_g2	 PF13347.3,MFS_2
TR17854|c5_g1	 NA
TR17855|c13_g1	 NA
TR17855|c16_g1	 NA
TR17855|c5_g1	 NA
TR17855|c6_g1	 NA
TR17855|c7_g1	 NA
TR17855|c8_g1	 NA
TR17855|c9_g2	 PF00303.16,Thymidylat_synt;PF00303.16,Thymidylat_synt
TR17857|c13_g1	 NA
TR17857|c7_g1	 NA
TR17858|c0_g1	 PF01417.17,ENTH
TR17858|c1_g1	 PF00583.22,Acetyltransf_1
TR17858|c2_g1	 PF00202.18,Aminotran_3
TR17858|c3_g1	 NA
TR17859|c1_g1	 NA
TR17859|c1_g2	 NA
TR17859|c2_g1	 NA
TR17860|c0_g1	 PF13646.3,HEAT_2
TR17861|c2_g1	 PF13896.3,Glyco_transf_49
TR17861|c3_g1	 NA
TR17861|c3_g2	 PF13923.3,zf-C3HC4_2
TR17861|c3_g4	 NA
TR17861|c6_g1	 NA
TR17862|c0_g1	 PF00656.19,Peptidase_C14
TR17862|c10_g1	 NA
TR17862|c2_g1	 NA
TR17862|c4_g1	 NA
TR17862|c5_g2	 PF00069.22,Pkinase
TR17862|c8_g1	 PF00656.19,Peptidase_C14
TR17862|c9_g1	 NA
TR17863|c1_g1	 PF00069.22,Pkinase;PF01344.22,Kelch_1
TR17864|c15_g1	 NA
TR17864|c5_g1	 NA
TR17864|c6_g1	 NA
TR17864|c7_g2	 NA
TR17865|c2_g1	 PF05922.13,Inhibitor_I9;PF00082.19,Peptidase_S8
TR17865|c3_g2	 NA
TR17865|c4_g1	 NA
TR17866|c12_g1	 NA
TR17866|c13_g1	 PF13358.3,DDE_3
TR17866|c17_g1	 NA
TR17866|c4_g2	 NA
TR17866|c5_g1	 NA
TR17866|c6_g2	 PF00400.29,WD40;PF00400.29,WD40;PF00400.29,WD40;PF00400.29,WD40;PF00619.18,CARD;PF00931.19,NB-ARC;PF02176.15,zf-TRAF;PF02176.15,zf-TRAF
TR17866|c7_g1	 NA
TR17866|c8_g1	 NA
TR17866|c8_g3	 NA
TR17867|c0_g1	 NA
TR17867|c2_g1	 NA
TR1786|c2_g1	 NA
TR17871|c1_g1	 PF04791.13,LMBR1;PF04791.13,LMBR1
TR17871|c7_g1	 NA
TR17872|c10_g1	 NA
TR17872|c1_g1	 NA
TR17872|c2_g1	 NA
TR17872|c2_g2	 NA
TR17872|c4_g1	 NA
TR17872|c8_g2	 NA
TR17873|c0_g1	 NA
TR17873|c0_g2	 NA
TR17873|c1_g1	 NA
TR17876|c2_g1	 NA
TR17876|c4_g1	 NA
TR17877|c10_g1	 NA
TR17877|c10_g2	 NA
TR17877|c10_g5	 NA
TR17877|c11_g2	 NA
TR17877|c14_g1	 NA
TR17877|c17_g1	 NA
TR17877|c2_g2	 PF03828.16,PAP_assoc
TR17877|c3_g2	 NA
TR17877|c4_g1	 NA
TR17877|c7_g1	 NA
TR17878|c0_g1	 PF13516.3,LRR_6;PF13516.3,LRR_6
TR17878|c5_g1	 NA
TR17880|c11_g1	 NA
TR17880|c11_g2	 NA
TR17880|c11_g3	 NA
TR17880|c12_g3	 NA
TR17880|c16_g1	 NA
TR17880|c17_g1	 NA
TR17880|c1_g1	 NA
TR17881|c11_g1	 NA
TR17881|c12_g1	 PF05485.9,THAP
TR17881|c15_g1	 NA
TR17881|c15_g2	 NA
TR17881|c16_g1	 NA
TR17881|c17_g1	 NA
TR17881|c18_g1	 NA
TR17881|c1_g2	 NA
TR17881|c27_g1	 NA
TR17882|c0_g2	 PF00400.29,WD40;PF00400.29,WD40;PF00400.29,WD40;PF00400.29,WD40;PF00400.29,WD40
TR17883|c0_g1	 NA
TR17883|c1_g1	 NA
TR17883|c2_g4	 NA
TR17884|c10_g1	 NA
TR17884|c13_g1	 NA
TR17884|c3_g2	 NA
TR17884|c6_g1	 NA
TR17884|c6_g2	 NA
TR17884|c7_g1	 PF00057.15,Ldl_recept_a;PF00057.15,Ldl_recept_a;PF00057.15,Ldl_recept_a;PF00057.15,Ldl_recept_a;PF00057.15,Ldl_recept_a;PF00057.15,Ldl_recept_a;PF00057.15,Ldl_recept_a;PF00057.15,Ldl_recept_a;PF14670.3,FXa_inhibition;PF00058.14,Ldl_recept_b;PF00058.14,Ldl_recept_b;PF00058.14,Ldl_recept_b;PF00058.14,Ldl_recept_b;PF00058.14,Ldl_recept_b;PF00058.14,Ldl_recept_b;PF00058.14,Ldl_recept_b
TR17884|c8_g1	 NA
TR17885|c0_g1	 PF12054.5,DUF3535;PF00176.20,SNF2_N;PF00271.28,Helicase_C
TR17885|c1_g1	 NA
TR17886|c12_g2	 PF00078.24,RVT_1
TR17886|c13_g2	 PF14519.3,Macro_2
TR17887|c10_g2	 NA
TR17887|c11_g2	 NA
TR17887|c12_g1	 NA
TR17887|c1_g2	 NA
TR17887|c2_g1	 NA
TR17887|c6_g3	 NA
TR17887|c9_g1	 NA
TR17888|c14_g1	 NA
TR17888|c3_g1	 PF00076.19,RRM_1;PF00076.19,RRM_1
TR17888|c3_g2	 PF00076.19,RRM_1
TR17888|c3_g3	 PF13041.3,PPR_2;PF13812.3,PPR_3
TR17889|c0_g1	 PF07653.14,SH3_2;PF07714.14,Pkinase_Tyr
TR17889|c4_g1	 NA
TR1788|c2_g1	 NA
TR17891|c13_g1	 NA
TR17891|c5_g1	 NA
TR17891|c9_g1	 NA
TR17896|c0_g2	 PF00067.19,p450
TR17896|c3_g1	 PF00067.19,p450
TR17896|c3_g2	 PF00067.19,p450
TR17896|c3_g5	 PF00067.19,p450
TR17896|c7_g1	 NA
TR17898|c1_g1	 NA
TR17898|c4_g1	 NA
TR17899|c0_g1	 PF00587.22,tRNA-synt_2b
TR17900|c3_g1	 PF00995.20,Sec1
TR17900|c5_g1	 NA
TR17901|c10_g1	 NA
TR17901|c1_g1	 NA
TR17901|c8_g1	 NA
TR17901|c9_g1	 NA
TR17903|c0_g1	 PF05536.8,Neurochondrin
TR17904|c2_g1	 NA
TR17905|c10_g1	 NA
TR17905|c16_g1	 NA
TR17905|c7_g1	 NA
TR17905|c7_g2	 NA
TR17905|c8_g1	 NA
TR17906|c0_g1	 NA
TR17906|c1_g2	 NA
TR17908|c14_g1	 NA
TR17908|c15_g1	 NA
TR17908|c4_g2	 PF07714.14,Pkinase_Tyr
TR17908|c5_g1	 NA
TR17908|c6_g2	 PF07714.14,Pkinase_Tyr
TR17908|c8_g3	 NA
TR17910|c0_g1	 PF03256.13,ANAPC10;PF00569.14,ZZ
TR17910|c0_g2	 NA
TR17911|c0_g1	 PF08477.10,Roc
TR17911|c2_g2	 NA
TR17911|c2_g3	 PF13855.3,LRR_8
TR17912|c3_g1	 NA
TR17913|c13_g1	 NA
TR17913|c14_g1	 NA
TR17913|c4_g1	 NA
TR17913|c6_g1	 PF02434.13,Fringe
TR17913|c7_g1	 NA
TR17913|c8_g1	 PF02434.13,Fringe
TR17914|c0_g1	 NA
TR17915|c11_g1	 PF00619.18,CARD
TR17915|c13_g1	 NA
TR17915|c15_g1	 NA
TR17915|c4_g1	 NA
TR17915|c7_g1	 NA
TR17915|c7_g2	 NA
TR17915|c8_g2	 NA
TR17915|c8_g3	 NA
TR17916|c0_g1	 PF13181.3,TPR_8;PF13181.3,TPR_8;PF13181.3,TPR_8
TR17917|c2_g1	 NA
TR17918|c0_g1	 PF00063.18,Myosin_head;PF01576.16,Myosin_tail_1
TR17920|c0_g2	 NA
TR17920|c0_g3	 PF00226.28,DnaJ;PF01556.15,DnaJ_C;PF00684.16,DnaJ_CXXCXGXG
TR17920|c0_g4	 NA
TR17921|c0_g1	 NA
TR17922|c0_g1	 NA
TR17923|c1_g1	 PF00047.22,ig;PF13927.3,Ig_3;PF00041.18,fn3
TR17924|c3_g3	 NA
TR17926|c10_g1	 NA
TR17926|c6_g1	 NA
TR17926|c6_g2	 PF00076.19,RRM_1;PF00076.19,RRM_1;PF00076.19,RRM_1;PF00076.19,RRM_1;PF00658.15,PABP
TR17928|c10_g1	 PF02176.15,zf-TRAF
TR17928|c15_g1	 NA
TR17928|c17_g1	 NA
TR17928|c18_g1	 NA
TR17928|c19_g1	 NA
TR17928|c20_g1	 NA
TR17928|c22_g1	 NA
TR17928|c5_g1	 NA
TR17928|c7_g1	 NA
TR17928|c7_g3	 NA
TR17928|c9_g1	 NA
TR17928|c9_g2	 NA
TR17930|c2_g1	 NA
TR17930|c2_g3	 NA
TR17931|c0_g2	 PF08149.8,BING4CT
TR17933|c1_g2	 PF00443.26,UCH
TR17935|c0_g1	 NA
TR17936|c0_g1	 PF01852.16,START
TR17938|c0_g1	 PF00071.19,Ras
TR17939|c12_g1	 NA
TR17939|c14_g1	 PF13358.3,DDE_3
TR17939|c22_g1	 NA
TR17939|c3_g2	 NA
TR17939|c4_g2	 NA
TR17939|c7_g2	 NA
TR17940|c0_g1	 PF14223.3,Retrotran_gag_2;PF00098.20,zf-CCHC;PF13976.3,gag_pre-integrs;PF00665.23,rve
TR17940|c0_g6	 NA
TR17941|c0_g2	 NA
TR17941|c1_g2	 NA
TR17942|c0_g1	 PF00651.28,BTB;PF13637.3,Ank_4;PF12796.4,Ank_2
TR17942|c0_g3	 PF12796.4,Ank_2;PF12796.4,Ank_2;PF12796.4,Ank_2;PF12796.4,Ank_2;PF01363.18,FYVE
TR17943|c0_g1	 PF12695.4,Abhydrolase_5
TR17943|c0_g2	 NA
TR17943|c0_g3	 NA
TR17944|c0_g2	 NA
TR17944|c0_g3	 NA
TR17945|c0_g1	 NA
TR17945|c2_g1	 NA
TR17945|c3_g1	 NA
TR17945|c4_g1	 NA
TR17946|c1_g1	 NA
TR17949|c0_g1	 NA
TR17950|c0_g1	 PF07885.13,Ion_trans_2
TR17950|c0_g2	 PF07885.13,Ion_trans_2;PF07885.13,Ion_trans_2
TR17950|c1_g1	 NA
TR17950|c1_g3	 NA
TR17950|c4_g1	 NA
TR17951|c2_g1	 NA
TR17952|c0_g1	 NA
TR17953|c0_g2	 PF00005.24,ABC_tran;PF01061.21,ABC2_membrane
TR17954|c0_g1	 NA
TR17954|c3_g1	 NA
TR17954|c4_g1	 NA
TR17955|c0_g1	 NA
TR17955|c1_g1	 NA
TR17955|c2_g1	 NA
TR17956|c3_g1	 NA
TR17957|c1_g2	 NA
TR17957|c6_g2	 PF00775.18,Dioxygenase_C
TR17958|c1_g1	 PF00067.19,p450
TR17958|c1_g2	 NA
TR17958|c2_g1	 NA
TR17958|c2_g3	 NA
TR17959|c2_g1	 PF06972.8,DUF1296
TR17959|c3_g1	 NA
TR17960|c6_g1	 NA
TR17961|c0_g1	 NA
TR17962|c0_g1	 NA
TR17962|c0_g2	 NA
TR17964|c0_g1	 PF10157.6,DUF2365
TR17965|c0_g1	 NA
TR17966|c10_g2	 NA
TR17966|c12_g1	 NA
TR17966|c13_g1	 NA
TR17966|c16_g1	 NA
TR17966|c18_g1	 NA
TR17966|c21_g1	 NA
TR17966|c8_g1	 PF08645.8,PNK3P;PF13671.3,AAA_33
TR17967|c0_g2	 NA
TR17969|c0_g1	 PF15070.3,GOLGA2L5;PF15070.3,GOLGA2L5
TR17970|c0_g1	 NA
TR17970|c0_g2	 NA
TR17970|c0_g3	 NA
TR17971|c0_g1	 NA
TR17971|c12_g1	 PF00108.20,Thiolase_N
TR17971|c16_g1	 NA
TR17971|c21_g1	 NA
TR17971|c2_g1	 NA
TR17971|c3_g1	 NA
TR17971|c4_g1	 NA
TR17972|c2_g1	 NA
TR17973|c0_g1	 PF00365.17,PFK;PF00365.17,PFK
TR17974|c12_g2	 NA
TR17974|c13_g1	 NA
TR17974|c18_g1	 NA
TR17974|c1_g1	 NA
TR17974|c4_g1	 NA
TR17974|c6_g2	 PF01048.17,PNP_UDP_1
TR17974|c6_g3	 NA
TR17975|c2_g3	 PF00790.16,VHS;PF02809.17,UIM;PF00018.25,SH3_1
TR17976|c6_g2	 PF13639.3,zf-RING_2
TR17977|c11_g1	 PF10523.6,BEN
TR17977|c11_g2	 NA
TR17977|c13_g1	 PF00271.28,Helicase_C
TR17977|c15_g1	 NA
TR17977|c2_g1	 NA
TR17977|c5_g1	 NA
TR17977|c9_g1	 PF15295.3,CCDC50_N
TR17978|c0_g1	 PF02037.24,SAP;PF14324.3,PINIT;PF02891.17,zf-MIZ
TR17979|c1_g1	 PF00400.29,WD40;PF00400.29,WD40;PF00400.29,WD40;PF00400.29,WD40;PF00400.29,WD40;PF00400.29,WD40;PF00400.29,WD40
TR17979|c2_g1	 NA
TR17981|c0_g1	 PF13091.3,PLDc_2;PF13091.3,PLDc_2
TR17982|c1_g1	 PF03702.11,UPF0075;PF03702.11,UPF0075
TR17983|c0_g1	 PF00199.16,Catalase;PF06628.9,Catalase-rel;PF00610.18,DEP
TR17984|c0_g2	 PF13499.3,EF-hand_7;PF13499.3,EF-hand_7;PF00153.24,Mito_carr
TR17985|c2_g1	 NA
TR17985|c4_g1	 NA
TR17985|c9_g1	 NA
TR17986|c0_g1	 NA
TR17986|c1_g1	 NA
TR17988|c0_g1	 PF04402.11,SIMPL
TR17989|c1_g2	 NA
TR17989|c2_g1	 PF00656.19,Peptidase_C14
TR1798|c2_g1	 PF00581.17,Rhodanese
TR17992|c1_g1	 PF00560.30,LRR_1;PF08477.10,Roc
TR17993|c1_g1	 NA
TR17994|c0_g1	 PF00443.26,UCH
TR17994|c0_g2	 NA
TR17997|c0_g2	 NA
TR17999|c0_g1	 NA
TR17999|c16_g1	 NA
TR17999|c20_g1	 NA
TR17999|c22_g1	 NA
TR17999|c3_g2	 PF05602.9,CLPTM1
TR17999|c5_g1	 PF13181.3,TPR_8
TR17999|c6_g1	 NA
TR17999|c9_g3	 PF00270.26,DEAD;PF00271.28,Helicase_C
TR17999|c9_g4	 NA
TR1799|c0_g1	 NA
TR18001|c2_g2	 NA
TR18002|c1_g1	 PF02466.16,Tim17
TR18003|c0_g1	 PF02574.13,S-methyl_trans;PF00809.19,Pterin_bind;PF02607.14,B12-binding_2;PF02310.16,B12-binding;PF02965.14,Met_synt_B12
TR18004|c11_g1	 NA
TR18004|c14_g1	 NA
TR18004|c4_g2	 PF00069.22,Pkinase
TR18004|c8_g1	 NA
TR18004|c9_g1	 NA
TR18005|c0_g1	 PF07707.12,BACK
TR18007|c0_g3	 NA
TR18007|c1_g1	 PF03062.16,MBOAT
TR18007|c3_g2	 NA
TR18007|c4_g1	 NA
TR18007|c5_g1	 NA
TR18007|c7_g1	 NA
TR18008|c1_g1	 NA
TR18009|c0_g1	 PF00110.16,wnt;PF00110.16,wnt
TR18009|c1_g1	 NA
TR18010|c0_g3	 PF04622.9,ERG2_Sigma1R
TR1804|c0_g2	 NA
TR1805|c0_g1	 PF00665.23,rve
TR1805|c3_g1	 NA
TR1805|c6_g1	 NA
TR1805|c7_g1	 PF00078.24,RVT_1
TR18079|c0_g1	 NA
TR1808|c0_g1	 NA
TR180|c0_g1	 PF01399.24,PCI;PF02518.23,HATPase_c;PF00183.15,HSP90
TR18116|c1_g1	 NA
TR18119|c0_g1	 NA
TR18125|c0_g1	 NA
TR18139|c2_g1	 PF02759.16,RUN
TR18139|c4_g1	 NA
TR18141|c2_g1	 PF00892.17,EamA;PF00892.17,EamA
TR18141|c3_g1	 PF05375.10,Pacifastin_I;PF00095.18,WAP
TR18142|c1_g2	 NA
TR18142|c2_g1	 PF07714.14,Pkinase_Tyr
TR18142|c2_g2	 PF07714.14,Pkinase_Tyr
TR18142|c5_g1	 PF07714.14,Pkinase_Tyr
TR18143|c10_g1	 PF02535.19,Zip
TR18143|c13_g1	 NA
TR18143|c2_g1	 NA
TR18143|c2_g2	 NA
TR18143|c3_g1	 PF02535.19,Zip
TR18143|c3_g2	 PF02535.19,Zip
TR18143|c4_g3	 NA
TR18144|c1_g1	 NA
TR18144|c4_g1	 NA
TR18145|c5_g1	 NA
TR18146|c0_g2	 NA
TR18146|c10_g1	 NA
TR18146|c11_g2	 NA
TR18146|c11_g3	 NA
TR18146|c11_g4	 PF16095.2,COR
TR18146|c11_g5	 NA
TR18146|c5_g2	 NA
TR18146|c7_g2	 NA
TR18146|c8_g2	 PF07767.8,Nop53
TR18146|c8_g3	 PF07767.8,Nop53
TR18146|c9_g1	 NA
TR18148|c0_g1	 PF12062.5,HSNSD;PF00685.24,Sulfotransfer_1
TR18149|c0_g1	 NA
TR18150|c0_g1	 NA
TR18152|c0_g1	 NA
TR18152|c1_g1	 NA
TR18152|c1_g2	 PF00041.18,fn3;PF00041.18,fn3;PF00041.18,fn3
TR18152|c1_g3	 NA
TR18153|c10_g1	 NA
TR18153|c4_g1	 PF10151.6,TMEM214
TR18153|c6_g1	 NA
TR18153|c9_g1	 NA
TR18154|c2_g1	 NA
TR18154|c6_g1	 NA
TR18154|c6_g2	 NA
TR18154|c8_g1	 PF03088.13,Str_synth
TR18155|c1_g1	 PF00566.15,RabGAP-TBC
TR18156|c1_g1	 NA
TR18156|c2_g2	 NA
TR18156|c4_g2	 NA
TR18156|c6_g1	 NA
TR18157|c14_g1	 NA
TR18157|c2_g1	 NA
TR18157|c2_g3	 NA
TR18157|c3_g1	 NA
TR18157|c5_g1	 PF06472.12,ABC_membrane_2
TR18157|c5_g3	 PF00005.24,ABC_tran
TR18160|c0_g1	 NA
TR18160|c12_g1	 NA
TR18160|c16_g1	 NA
TR18160|c5_g1	 NA
TR18160|c6_g1	 NA
TR18160|c7_g1	 NA
TR18160|c8_g2	 NA
TR18160|c8_g4	 PF14920.3,MTBP_C
TR18161|c0_g1	 NA
TR18162|c0_g2	 NA
TR18163|c7_g1	 PF00149.25,Metallophos
TR18164|c1_g1	 NA
TR18164|c2_g2	 NA
TR18165|c11_g1	 NA
TR18165|c4_g1	 NA
TR18165|c4_g2	 NA
TR18165|c7_g1	 NA
TR18165|c8_g1	 NA
TR18166|c7_g1	 PF15902.2,Sortilin-Vps10;PF15901.2,Sortilin_C
TR18167|c10_g1	 NA
TR18167|c3_g1	 NA
TR18167|c6_g1	 NA
TR18168|c1_g1	 PF13679.3,Methyltransf_32
TR18169|c3_g1	 NA
TR18169|c4_g1	 PF00676.17,E1_dh;PF02779.21,Transket_pyr
TR18169|c5_g1	 PF00884.20,Sulfatase
TR18169|c6_g1	 NA
TR18170|c0_g1	 PF06396.8,AGTRAP
TR18170|c0_g2	 PF06396.8,AGTRAP
TR18170|c1_g1	 NA
TR18170|c5_g2	 NA
TR18171|c0_g1	 NA
TR18171|c1_g2	 NA
TR18171|c1_g3	 NA
TR18171|c2_g1	 NA
TR18172|c0_g1	 NA
TR18172|c0_g2	 PF00168.27,C2;PF00168.27,C2;PF08151.9,FerI;PF00168.27,C2;PF08165.8,FerA;PF08150.9,FerB
TR18173|c0_g1	 PF14782.3,BBS2_C
TR18173|c0_g2	 NA
TR18174|c0_g1	 NA
TR18174|c0_g2	 NA
TR18174|c11_g1	 NA
TR18174|c14_g1	 NA
TR18174|c3_g1	 NA
TR18174|c4_g1	 PF05729.9,NACHT
TR18174|c6_g1	 PF00531.19,Death;PF00009.24,GTP_EFTU
TR18174|c7_g1	 PF05729.9,NACHT
TR18175|c0_g1	 PF12799.4,LRR_4
TR18176|c3_g1	 PF00170.18,bZIP_1
TR18176|c4_g1	 PF00534.17,Glycos_transf_1
TR18176|c5_g1	 NA
TR18176|c5_g3	 NA
TR18177|c0_g1	 NA
TR18177|c1_g1	 NA
TR18177|c1_g2	 NA
TR18178|c0_g2	 NA
TR18180|c0_g1	 PF10160.6,Tmemb_40
TR18180|c1_g1	 NA
TR18181|c0_g1	 PF05679.13,CHGN
TR18182|c0_g1	 PF00274.16,Glycolytic
TR18183|c0_g1	 PF00595.21,PDZ;PF00595.21,PDZ
TR18184|c10_g1	 NA
TR18184|c12_g1	 NA
TR18184|c14_g1	 PF00069.22,Pkinase
TR18184|c15_g2	 NA
TR18184|c16_g1	 NA
TR18184|c18_g1	 NA
TR18184|c2_g2	 NA
TR18184|c3_g2	 NA
TR18184|c8_g1	 NA
TR18185|c0_g2	 PF16095.2,COR
TR18186|c3_g3	 NA
TR18186|c4_g2	 NA
TR18186|c6_g1	 PF01585.20,G-patch
TR18187|c0_g2	 NA
TR18189|c1_g1	 PF10184.6,DUF2358
TR18189|c2_g1	 NA
TR18189|c3_g1	 PF00270.26,DEAD;PF00271.28,Helicase_C;PF04408.20,HA2;PF07717.13,OB_NTP_bind
TR18189|c4_g2	 PF14252.3,DUF4347
TR1818|c0_g1	 NA
TR18190|c14_g1	 NA
TR18190|c16_g1	 NA
TR18190|c27_g1	 NA
TR18190|c3_g1	 NA
TR18190|c4_g1	 NA
TR18190|c5_g1	 NA
TR18190|c5_g2	 NA
TR18190|c6_g2	 NA
TR18190|c6_g3	 NA
TR18190|c7_g1	 PF00069.22,Pkinase
TR18191|c0_g2	 NA
TR18191|c1_g1	 PF05729.9,NACHT
TR18191|c1_g2	 PF05729.9,NACHT
TR18191|c2_g2	 NA
TR18191|c6_g1	 PF03348.12,Serinc
TR18191|c7_g1	 NA
TR18191|c9_g2	 PF03810.16,IBN_N
TR18192|c0_g2	 PF13833.3,EF-hand_8
TR18192|c0_g3	 PF00648.18,Peptidase_C2;PF01067.19,Calpain_III
TR18192|c0_g4	 PF00648.18,Peptidase_C2
TR18193|c10_g2	 PF04068.12,RLI;PF00037.24,Fer4;PF00005.24,ABC_tran
TR18193|c5_g1	 PF00630.16,Filamin;PF01436.18,NHL;PF01436.18,NHL;PF01436.18,NHL
TR18193|c6_g1	 NA
TR18193|c7_g2	 NA
TR18193|c8_g1	 NA
TR18193|c8_g4	 PF01564.14,Spermine_synth
TR18193|c9_g1	 NA
TR18194|c0_g1	 NA
TR18196|c0_g1	 PF10034.6,Dpy19
TR18197|c5_g1	 NA
TR18198|c4_g2	 NA
TR18198|c7_g2	 NA
TR18198|c8_g1	 NA
TR18198|c9_g2	 NA
TR18199|c1_g1	 NA
TR181|c0_g2	 NA
TR18200|c16_g1	 PF13927.3,Ig_3
TR18200|c2_g2	 PF13927.3,Ig_3
TR18200|c4_g1	 PF13927.3,Ig_3
TR18200|c5_g2	 PF07679.13,I-set
TR18200|c7_g1	 NA
TR18200|c8_g1	 NA
TR18201|c0_g1	 NA
TR18202|c4_g1	 NA
TR18202|c4_g2	 NA
TR18202|c5_g2	 NA
TR18202|c5_g3	 NA
TR18203|c1_g1	 PF00153.24,Mito_carr;PF00153.24,Mito_carr;PF00153.24,Mito_carr
TR18203|c1_g2	 PF00536.27,SAM_1;PF13676.3,TIR_2
TR18204|c1_g1	 NA
TR18205|c1_g1	 NA
TR18205|c2_g1	 NA
TR18205|c3_g1	 NA
TR18206|c6_g1	 PF00069.22,Pkinase
TR18206|c7_g1	 NA
TR18207|c0_g1	 NA
TR18207|c0_g2	 NA
TR18207|c9_g1	 NA
TR18210|c0_g1	 NA
TR18211|c11_g1	 NA
TR18211|c12_g1	 NA
TR18211|c1_g2	 NA
TR18211|c5_g1	 NA
TR18213|c0_g2	 NA
TR18214|c2_g1	 NA
TR18214|c3_g1	 PF02225.19,PA
TR18214|c4_g1	 PF08271.9,TF_Zn_Ribbon;PF00382.16,TFIIB
TR18214|c5_g1	 PF02598.14,Methyltrn_RNA_3
TR18214|c6_g1	 PF01532.17,Glyco_hydro_47
TR18215|c12_g1	 NA
TR18215|c4_g2	 PF00632.22,HECT
TR18215|c5_g1	 NA
TR18215|c8_g1	 NA
TR18216|c1_g2	 NA
TR18216|c2_g1	 PF01212.18,Beta_elim_lyase
TR18216|c4_g2	 PF07993.9,NAD_binding_4
TR18216|c5_g1	 NA
TR18217|c25_g1	 NA
TR18217|c2_g1	 NA
TR18217|c3_g1	 NA
TR18217|c3_g2	 NA
TR18217|c5_g1	 NA
TR18217|c6_g1	 NA
TR18217|c8_g1	 PF00400.29,WD40;PF00400.29,WD40;PF00400.29,WD40
TR18217|c9_g1	 PF00595.21,PDZ;PF07647.14,SAM_2
TR18219|c11_g1	 NA
TR18219|c12_g1	 NA
TR18219|c13_g1	 NA
TR18219|c13_g3	 NA
TR18219|c13_g7	 NA
TR18219|c13_g8	 NA
TR18219|c15_g1	 NA
TR18219|c1_g1	 NA
TR1821|c1_g1	 NA
TR18220|c0_g1	 NA
TR18220|c11_g1	 NA
TR18220|c5_g1	 PF02770.16,Acyl-CoA_dh_M;PF00441.21,Acyl-CoA_dh_1
TR18220|c5_g2	 PF02771.13,Acyl-CoA_dh_N
TR18220|c7_g1	 NA
TR18222|c0_g1	 NA
TR18222|c6_g1	 NA
TR18224|c12_g1	 NA
TR18224|c14_g1	 NA
TR18224|c16_g1	 NA
TR18224|c19_g1	 NA
TR18224|c7_g1	 NA
TR18224|c7_g3	 NA
TR18224|c8_g1	 NA
TR18224|c9_g2	 PF15065.3,NCU-G1
TR18225|c0_g2	 PF07647.14,SAM_2
TR18225|c10_g2	 PF01593.21,Amino_oxidase
TR18225|c10_g3	 NA
TR18225|c2_g1	 NA
TR18225|c6_g1	 PF12763.4,EF-hand_4
TR18225|c9_g2	 NA
TR18225|c9_g4	 NA
TR18226|c11_g1	 PF00069.22,Pkinase
TR18226|c11_g2	 PF07714.14,Pkinase_Tyr
TR18226|c1_g1	 NA
TR18226|c8_g1	 NA
TR18227|c0_g1	 NA
TR18227|c0_g3	 NA
TR18228|c1_g1	 NA
TR18228|c3_g3	 NA
TR18228|c5_g1	 NA
TR18228|c5_g3	 NA
TR18229|c1_g1	 NA
TR18229|c2_g1	 NA
TR18229|c2_g2	 PF00078.24,RVT_1;PF00665.23,rve
TR18229|c3_g1	 PF16134.2,THOC2_N;PF16134.2,THOC2_N;PF11732.5,Thoc2;PF11262.5,Tho2
TR18229|c4_g2	 PF02892.12,zf-BED
TR18229|c4_g4	 PF05699.11,Dimer_Tnp_hAT
TR18229|c5_g1	 PF13532.3,2OG-FeII_Oxy_2
TR1822|c4_g1	 NA
TR18230|c2_g2	 NA
TR18230|c2_g3	 NA
TR18230|c3_g2	 NA
TR18230|c3_g3	 NA
TR18230|c4_g1	 NA
TR18231|c0_g1	 PF03159.15,XRN_N
TR18231|c1_g1	 PF01404.16,Ephrin_lbd;PF00041.18,fn3
TR18231|c2_g1	 NA
TR18232|c20_g1	 NA
TR18232|c2_g1	 NA
TR18232|c5_g1	 NA
TR18232|c7_g1	 NA
TR18232|c8_g2	 NA
TR18232|c8_g3	 NA
TR18232|c8_g4	 PF10523.6,BEN
TR18233|c0_g2	 NA
TR18234|c0_g1	 NA
TR18235|c0_g2	 NA
TR18235|c3_g1	 NA
TR18236|c0_g1	 PF01424.19,R3H
TR18236|c1_g1	 NA
TR18236|c3_g2	 PF08711.8,Med26;PF07500.11,TFIIS_M
TR18237|c12_g2	 PF03953.14,Tubulin_C
TR18238|c0_g1	 PF13927.3,Ig_3;PF13927.3,Ig_3;PF13927.3,Ig_3;PF13927.3,Ig_3
TR18248|c0_g1	 PF00719.16,Pyrophosphatase
TR18250|c0_g1	 NA
TR18251|c0_g1	 NA
TR18251|c1_g2	 NA
TR18260|c0_g2	 PF01694.19,Rhomboid
TR18261|c0_g1	 NA
TR18264|c1_g1	 NA
TR18266|c1_g1	 NA
TR182|c0_g1	 PF01963.14,TraB
TR18372|c0_g1	 NA
TR18376|c0_g1	 NA
TR183|c0_g1	 PF00288.23,GHMP_kinases_N
TR18433|c0_g1	 NA
TR18452|c0_g1	 NA
TR18456|c0_g1	 PF09775.6,Keratin_assoc
TR18456|c0_g2	 PF09775.6,Keratin_assoc
TR18465|c0_g1	 NA
TR18471|c0_g1	 NA
TR1848|c0_g1	 NA
TR18498|c0_g1	 NA
TR18500|c0_g1	 PF00071.19,Ras
TR18507|c0_g1	 NA
TR18513|c0_g1	 NA
TR18525|c0_g1	 PF00411.16,Ribosomal_S11
TR18550|c0_g1	 PF13359.3,DDE_Tnp_4
TR18552|c0_g1	 NA
TR18554|c0_g1	 NA
TR18572|c0_g1	 NA
TR185|c0_g1	 NA
TR18602|c0_g1	 NA
TR18614|c0_g1	 NA
TR18617|c0_g1	 NA
TR18624|c0_g1	 NA
TR18633|c0_g1	 NA
TR18650|c0_g1	 PF07177.9,Neuralized;PF07177.9,Neuralized;PF00069.22,Pkinase
TR18651|c1_g1	 NA
TR18651|c2_g1	 NA
TR18653|c0_g1	 PF00071.19,Ras
TR18654|c0_g1	 NA
TR18655|c0_g1	 NA
TR18657|c0_g2	 NA
TR18660|c0_g1	 PF05527.8,DUF758
TR18662|c0_g1	 PF08068.9,DKCLD;PF01509.15,TruB_N;PF16198.2,TruB_C_2;PF01472.17,PUA
TR18665|c0_g2	 NA
TR18669|c0_g1	 NA
TR18672|c0_g1	 NA
TR18687|c0_g2	 NA
TR18690|c1_g1	 NA
TR18692|c0_g2	 NA
TR18693|c0_g1	 NA
TR18697|c0_g1	 NA
TR18699|c0_g1	 NA
TR18699|c1_g1	 NA
TR1869|c0_g1	 NA
TR186|c0_g1	 PF00046.26,Homeobox
TR18704|c0_g2	 NA
TR18705|c0_g1	 NA
TR18713|c0_g1	 NA
TR18720|c0_g1	 NA
TR18726|c0_g1	 NA
TR18727|c1_g1	 NA
TR18727|c2_g1	 NA
TR18730|c0_g1	 NA
TR18739|c0_g1	 NA
TR187|c0_g1	 NA
TR187|c0_g2	 PF00931.19,NB-ARC;PF13424.3,TPR_12
TR18811|c0_g2	 NA
TR18813|c3_g1	 PF00963.15,Cohesin
TR18815|c0_g1	 PF00238.16,Ribosomal_L14
TR18816|c0_g1	 NA
TR18817|c0_g1	 NA
TR18818|c0_g1	 NA
TR18819|c1_g1	 PF04900.9,Fcf1
TR18822|c0_g1	 PF00169.26,PH
TR18822|c0_g2	 PF00435.18,Spectrin;PF00435.18,Spectrin;PF00435.18,Spectrin;PF00435.18,Spectrin;PF00435.18,Spectrin;PF00435.18,Spectrin;PF00435.18,Spectrin;PF00435.18,Spectrin;PF00435.18,Spectrin;PF00435.18,Spectrin;PF00435.18,Spectrin;PF00435.18,Spectrin;PF00435.18,Spectrin;PF00435.18,Spectrin;PF00435.18,Spectrin;PF00435.18,Spectrin;PF00435.18,Spectrin;PF15410.3,PH_9
TR18827|c0_g2	 PF00665.23,rve
TR18827|c1_g1	 PF00078.24,RVT_1;PF09337.7,zf-H2C2
TR18829|c0_g1	 PF13358.3,DDE_3
TR18830|c0_g1	 PF00067.19,p450
TR18833|c0_g1	 NA
TR18835|c1_g1	 NA
TR1883|c0_g1	 NA
TR18843|c0_g1	 PF09420.7,Nop16;PF09420.7,Nop16
TR18847|c0_g1	 PF04275.11,P-mevalo_kinase
TR18848|c0_g1	 NA
TR18848|c1_g1	 NA
TR18850|c0_g1	 PF13967.3,RSN1_TM;PF14703.3,PHM7_cyt;PF02714.12,RSN1_7TM
TR18852|c0_g1	 NA
TR18854|c0_g1	 NA
TR18855|c0_g2	 PF07714.14,Pkinase_Tyr
TR18855|c0_g3	 NA
TR18856|c0_g1	 PF01151.15,ELO
TR18857|c0_g1	 NA
TR18862|c0_g1	 NA
TR18862|c1_g1	 NA
TR18865|c0_g2	 NA
TR18871|c0_g1	 NA
TR18874|c0_g1	 PF01434.15,Peptidase_M41
TR18874|c1_g1	 PF00004.26,AAA
TR18876|c1_g1	 PF00017.21,SH2
TR18876|c1_g2	 NA
TR18878|c0_g1	 PF01852.16,START
TR18883|c0_g1	 PF06979.9,TMEM70
TR18887|c0_g2	 NA
TR18890|c0_g2	 PF07716.12,bZIP_2
TR18893|c0_g1	 PF00125.21,Histone;PF16211.2,Histone_H2A_C
TR18893|c0_g2	 PF00125.21,Histone;PF16211.2,Histone_H2A_C
TR188|c0_g1	 PF12537.5,GPHR_N;PF12430.5,ABA_GPCR
TR18901|c0_g1	 NA
TR18904|c0_g1	 NA
TR18910|c1_g1	 NA
TR18911|c0_g1	 PF00163.16,Ribosomal_S4;PF01479.22,S4
TR18912|c0_g1	 PF00094.22,VWD;PF08742.8,C8;PF01826.14,TIL
TR18912|c1_g1	 PF00094.22,VWD;PF08742.8,C8;PF01826.14,TIL;PF00094.22,VWD
TR18913|c0_g1	 NA
TR18913|c0_g2	 PF00505.16,HMG_box
TR18916|c0_g1	 PF00619.18,CARD;PF00240.20,ubiquitin;PF00240.20,ubiquitin;PF00240.20,ubiquitin;PF00240.20,ubiquitin;PF00240.20,ubiquitin;PF00240.20,ubiquitin
TR18922|c0_g1	 NA
TR18923|c0_g1	 PF07716.12,bZIP_2
TR18926|c0_g1	 NA
TR18927|c0_g1	 PF05024.12,Gpi1
TR18927|c0_g2	 PF05024.12,Gpi1
TR18929|c0_g2	 PF00651.28,BTB;PF07707.12,BACK;PF01344.22,Kelch_1;PF01344.22,Kelch_1;PF01344.22,Kelch_1;PF01344.22,Kelch_1;PF01344.22,Kelch_1;PF01344.22,Kelch_1
TR18930|c0_g1	 NA
TR18938|c0_g1	 PF00169.26,PH;PF14604.3,SH3_9
TR18943|c0_g1	 PF01630.15,Glyco_hydro_56
TR18943|c0_g2	 PF01630.15,Glyco_hydro_56
TR18945|c0_g1	 PF10551.6,MULE;PF00628.26,PHD
TR18945|c1_g1	 NA
TR18948|c0_g1	 PF14670.3,FXa_inhibition;PF00084.17,Sushi;PF00084.17,Sushi
TR18951|c0_g1	 PF03188.13,Cytochrom_B561
TR18956|c0_g2	 PF00076.19,RRM_1
TR18963|c0_g1	 NA
TR18963|c0_g2	 PF01789.13,PsbP
TR18968|c0_g1	 PF08241.9,Methyltransf_11
TR18985|c0_g1	 NA
TR18986|c0_g1	 NA
TR18987|c0_g1	 NA
TR1898|c0_g1	 NA
TR18995|c0_g1	 NA
TR189|c0_g1	 PF12799.4,LRR_4
TR189|c1_g1	 NA
TR19015|c0_g1	 NA
TR19022|c0_g1	 NA
TR19024|c0_g1	 NA
TR19039|c0_g1	 NA
TR19044|c0_g1	 PF05347.12,Complex1_LYR
TR19056|c0_g1	 PF07714.14,Pkinase_Tyr
TR19058|c0_g2	 NA
TR19075|c0_g1	 PF06268.10,Fascin;PF06268.10,Fascin;PF06268.10,Fascin;PF06268.10,Fascin
TR19077|c0_g1	 NA
TR190|c0_g3	 NA
TR19113|c0_g1	 NA
TR19116|c0_g1	 PF04757.11,Pex2_Pex12
TR19123|c0_g1	 NA
TR19129|c0_g1	 PF02176.15,zf-TRAF;PF02176.15,zf-TRAF
TR19133|c0_g1	 NA
TR19138|c0_g1	 NA
TR19149|c0_g1	 NA
TR19164|c0_g1	 NA
TR19172|c1_g2	 NA
TR19174|c0_g1	 NA
TR19174|c0_g2	 NA
TR19176|c0_g1	 PF00505.16,HMG_box;PF00505.16,HMG_box
TR19176|c1_g1	 PF12796.4,Ank_2
TR19176|c3_g1	 NA
TR19177|c0_g1	 PF00271.28,Helicase_C
TR19177|c0_g2	 PF00270.26,DEAD
TR19177|c1_g1	 NA
TR19178|c0_g1	 NA
TR19179|c0_g1	 PF01217.17,Clat_adaptor_s;PF00928.18,Adap_comp_sub
TR19180|c0_g1	 NA
TR19180|c0_g2	 NA
TR19180|c0_g3	 PF03071.12,GNT-I
TR19181|c1_g1	 NA
TR19182|c0_g1	 PF09337.7,zf-H2C2;PF00665.23,rve;PF00078.24,RVT_1
TR19183|c2_g1	 NA
TR19184|c0_g1	 PF08240.9,ADH_N
TR19185|c1_g1	 PF12796.4,Ank_2;PF01585.20,G-patch
TR19188|c0_g2	 PF14291.3,DUF4371
TR19191|c0_g2	 PF00225.20,Kinesin
TR19191|c1_g1	 NA
TR19192|c0_g1	 PF00651.28,BTB
TR19193|c0_g1	 PF01269.14,Fibrillarin
TR19194|c0_g1	 PF04109.13,APG9
TR19194|c0_g3	 PF04109.13,APG9
TR19197|c0_g1	 PF07714.14,Pkinase_Tyr
TR19197|c0_g2	 NA
TR19198|c0_g1	 NA
TR191|c0_g2	 NA
TR19200|c0_g1	 NA
TR19200|c0_g2	 NA
TR19200|c3_g1	 NA
TR19201|c0_g1	 NA
TR19202|c0_g1	 NA
TR19203|c0_g3	 NA
TR19204|c0_g1	 PF00063.18,Myosin_head;PF00063.18,Myosin_head
TR19204|c1_g1	 PF00250.15,Forkhead
TR19204|c2_g1	 NA
TR19206|c1_g2	 PF00090.16,TSP_1;PF00090.16,TSP_1;PF00090.16,TSP_1;PF00090.16,TSP_1;PF00090.16,TSP_1;PF00090.16,TSP_1;PF00090.16,TSP_1;PF00090.16,TSP_1;PF00090.16,TSP_1;PF00090.16,TSP_1;PF00090.16,TSP_1;PF00090.16,TSP_1;PF00090.16,TSP_1;PF00090.16,TSP_1;PF00090.16,TSP_1;PF00090.16,TSP_1;PF00090.16,TSP_1
TR19207|c0_g1	 PF07648.12,Kazal_2;PF00086.15,Thyroglobulin_1
TR19208|c1_g1	 PF03446.12,NAD_binding_2;PF00393.16,6PGD
TR19210|c0_g1	 PF03062.16,MBOAT
TR19212|c0_g2	 NA
TR19214|c1_g1	 NA
TR19215|c6_g1	 PF00025.18,Arf
TR19216|c0_g2	 PF00665.23,rve
TR19216|c0_g3	 PF00098.20,zf-CCHC;PF00098.20,zf-CCHC;PF00078.24,RVT_1
TR19218|c2_g1	 NA
TR19219|c2_g1	 PF01833.21,TIG;PF01833.21,TIG;PF01833.21,TIG;PF08337.9,Plexin_cytopl
TR19220|c1_g1	 PF08711.8,Med26
TR19221|c0_g1	 PF07522.11,DRMBL
TR19224|c0_g1	 NA
TR19224|c1_g2	 NA
TR19225|c1_g1	 PF04641.9,Rtf2
TR19225|c1_g2	 PF15906.2,zf-NOSIP
TR19228|c0_g1	 PF00400.29,WD40;PF00400.29,WD40;PF00400.29,WD40;PF00400.29,WD40;PF00400.29,WD40;PF00400.29,WD40;PF00400.29,WD40
TR19230|c0_g1	 PF10293.6,DUF2405;PF10347.6,Fmp27_GFWDK;PF10351.6,Apt1
TR19231|c0_g1	 NA
TR19231|c0_g2	 PF07959.9,Fucokinase
TR19231|c0_g3	 PF07959.9,Fucokinase
TR19232|c0_g1	 PF13202.3,EF-hand_5;PF13202.3,EF-hand_5;PF13202.3,EF-hand_5;PF13202.3,EF-hand_5
TR19234|c1_g1	 NA
TR19235|c0_g1	 PF07534.13,TLD
TR19236|c1_g1	 PF13774.3,Longin;PF00957.18,Synaptobrevin
TR19238|c1_g1	 NA
TR19240|c0_g2	 NA
TR19241|c0_g1	 PF09402.7,MSC
TR19241|c1_g1	 NA
TR19241|c1_g3	 NA
TR19242|c0_g1	 PF07679.13,I-set
TR19243|c0_g1	 PF02545.11,Maf
TR19244|c0_g1	 PF03435.15,Sacchrp_dh_NADP;PF16653.2,Sacchrp_dh_C
TR19245|c2_g1	 NA
TR19246|c0_g1	 NA
TR19246|c0_g2	 PF00130.19,C1_1;PF00620.24,RhoGAP
TR19248|c0_g1	 NA
TR19249|c0_g1	 PF00616.16,RasGAP;PF00616.16,RasGAP;PF00168.27,C2
TR19249|c1_g1	 NA
TR19249|c2_g1	 NA
TR19250|c0_g1	 PF16661.2,Lactamase_B_6;PF10996.5,Beta-Casp
TR19250|c0_g2	 NA
TR19251|c0_g2	 NA
TR19251|c3_g1	 NA
TR19252|c0_g2	 PF01423.19,LSM
TR19254|c1_g1	 PF05255.8,UPF0220
TR19254|c3_g1	 PF04146.12,YTH
TR19254|c3_g2	 NA
TR19254|c3_g4	 PF04146.12,YTH
TR19256|c0_g2	 NA
TR19256|c0_g3	 PF02214.19,BTB_2
TR19258|c0_g1	 NA
TR19258|c1_g1	 NA
TR19259|c2_g2	 NA
TR19261|c0_g1	 PF03006.17,HlyIII
TR19262|c2_g1	 NA
TR19263|c1_g2	 NA
TR19265|c0_g1	 NA
TR19265|c1_g1	 NA
TR19265|c2_g1	 PF00076.19,RRM_1
TR19267|c0_g2	 PF13621.3,Cupin_8
TR19268|c1_g1	 NA
TR19269|c1_g1	 NA
TR19270|c1_g1	 PF00335.17,Tetraspannin
TR19271|c1_g1	 NA
TR19271|c1_g2	 NA
TR19271|c4_g1	 NA
TR19271|c6_g1	 NA
TR19271|c8_g1	 NA
TR19274|c0_g1	 NA
TR19281|c0_g1	 NA
TR19285|c1_g1	 NA
TR19295|c0_g1	 NA
TR19295|c3_g1	 NA
TR19296|c0_g1	 NA
TR19300|c0_g1	 NA
TR19319|c0_g1	 NA
TR19319|c1_g1	 NA
TR19325|c3_g1	 NA
TR19326|c1_g1	 NA
TR19329|c0_g1	 PF00004.26,AAA
TR19331|c0_g1	 NA
TR19334|c1_g1	 NA
TR19337|c0_g1	 PF13923.3,zf-C3HC4_2
TR19337|c0_g2	 PF13923.3,zf-C3HC4_2
TR19340|c0_g1	 NA
TR1934|c0_g1	 NA
TR19356|c1_g1	 PF00078.24,RVT_1
TR19386|c0_g1	 NA
TR19387|c0_g1	 PF10517.6,DM13
TR19394|c1_g1	 PF00430.15,ATP-synt_B
TR19396|c0_g1	 NA
TR193|c0_g1	 NA
TR19400|c0_g1	 NA
TR19421|c0_g1	 NA
TR19432|c0_g1	 NA
TR19443|c0_g1	 NA
TR19480|c0_g1	 NA
TR19486|c0_g2	 PF13695.3,zf-3CxxC
TR19512|c1_g1	 NA
TR19525|c0_g1	 NA
TR19532|c0_g1	 NA
TR19541|c0_g2	 PF02257.12,RFX_DNA_binding
TR19548|c0_g1	 PF02469.19,Fasciclin
TR1954|c0_g1	 NA
TR19559|c0_g1	 PF11957.5,efThoc1
TR19560|c1_g1	 PF08700.8,Vps51;PF16528.2,Exo84_C
TR19562|c0_g1	 PF01680.14,SOR_SNZ
TR19564|c0_g1	 NA
TR19568|c0_g1	 PF12796.4,Ank_2;PF13637.3,Ank_4
TR19578|c1_g1	 NA
TR19585|c0_g1	 PF01040.15,UbiA
TR19587|c0_g1	 PF10294.6,Methyltransf_16
TR19587|c0_g2	 PF10294.6,Methyltransf_16
TR19623|c0_g1	 NA
TR19625|c0_g1	 NA
TR19644|c0_g1	 PF16739.2,CARD_2;PF00656.19,Peptidase_C14
TR19644|c1_g1	 NA
TR19645|c1_g1	 NA
TR19646|c0_g1	 NA
TR19647|c0_g2	 NA
TR19648|c0_g1	 PF09804.6,DUF2347
TR19649|c0_g1	 PF00619.18,CARD
TR19651|c0_g1	 NA
TR19653|c0_g1	 PF01239.19,PPTA;PF01239.19,PPTA;PF01239.19,PPTA;PF01239.19,PPTA;PF01239.19,PPTA
TR19655|c1_g1	 NA
TR19655|c3_g1	 NA
TR19657|c1_g1	 NA
TR19662|c0_g2	 PF01833.21,TIG
TR19663|c0_g1	 NA
TR19664|c0_g1	 NA
TR19665|c0_g1	 PF05731.8,TROVE;PF13271.3,DUF4062;PF05729.9,NACHT;PF00400.29,WD40;PF00400.29,WD40;PF00400.29,WD40;PF00400.29,WD40;PF00400.29,WD40;PF00400.29,WD40;PF00400.29,WD40;PF00400.29,WD40;PF00400.29,WD40
TR19668|c0_g2	 PF01956.13,DUF106
TR19670|c0_g1	 NA
TR19670|c2_g1	 NA
TR19671|c1_g1	 PF13185.3,GAF_2;PF00233.16,PDEase_I
TR19672|c0_g1	 PF00098.20,zf-CCHC
TR19676|c0_g2	 PF12329.5,TMF_DNA_bd;PF12325.5,TMF_TATA_bd
TR19677|c0_g1	 PF00084.17,Sushi;PF00084.17,Sushi;PF00084.17,Sushi
TR19677|c0_g3	 PF00089.23,Trypsin
TR19677|c0_g4	 PF00089.23,Trypsin;PF00084.17,Sushi;PF00041.18,fn3;PF00041.18,fn3;PF00084.17,Sushi;PF00084.17,Sushi;PF00084.17,Sushi;PF00084.17,Sushi;PF00084.17,Sushi;PF00084.17,Sushi;PF00084.17,Sushi;PF00084.17,Sushi;PF00084.17,Sushi;PF00084.17,Sushi;PF00084.17,Sushi;PF00084.17,Sushi
TR19679|c0_g1	 PF13831.3,PHD_2;PF13832.3,zf-HC5HC2H_2
TR19679|c1_g1	 NA
TR19681|c0_g2	 NA
TR19684|c1_g1	 NA
TR19684|c2_g1	 NA
TR19688|c0_g1	 PF00380.16,Ribosomal_S9
TR19689|c0_g1	 PF02825.17,WWE;PF07714.14,Pkinase_Tyr
TR19689|c0_g3	 PF07714.14,Pkinase_Tyr
TR19689|c1_g1	 PF00566.15,RabGAP-TBC
TR19690|c1_g1	 PF00561.17,Abhydrolase_1
TR19694|c0_g2	 PF01172.15,SBDS;PF09377.7,SBDS_C
TR19695|c1_g1	 PF03953.14,Tubulin_C
TR19696|c0_g1	 PF01652.15,IF4E
TR19697|c3_g1	 NA
TR19700|c0_g2	 PF00076.19,RRM_1
TR19701|c0_g1	 NA
TR19702|c0_g1	 PF10263.6,SprT-like
TR19703|c0_g1	 PF09753.6,Use1
TR19704|c0_g1	 PF01301.16,Glyco_hydro_35
TR19705|c0_g1	 PF00929.21,RNase_T
TR19710|c1_g1	 NA
TR19716|c2_g1	 NA
TR19723|c0_g1	 NA
TR19723|c0_g2	 NA
TR19725|c0_g1	 NA
TR19727|c0_g2	 NA
TR19728|c0_g1	 PF04710.11,Pellino
TR19728|c0_g2	 NA
TR19731|c0_g1	 NA
TR19731|c0_g2	 NA
TR19732|c0_g1	 NA
TR19732|c2_g1	 NA
TR19736|c0_g1	 NA
TR19736|c0_g2	 PF13561.3,adh_short_C2
TR19738|c0_g1	 NA
TR19754|c0_g1	 PF06047.8,SynMuv_product
TR19759|c0_g1	 PF01412.15,ArfGap;PF00168.27,C2
TR19763|c0_g1	 NA
TR197|c0_g1	 PF03006.17,HlyIII
TR197|c1_g1	 NA
TR19816|c8_g1	 NA
TR19816|c9_g1	 NA
TR19817|c2_g1	 NA
TR19817|c2_g2	 NA
TR19817|c5_g2	 NA
TR19817|c5_g3	 NA
TR19817|c5_g4	 NA
TR19819|c10_g1	 NA
TR19819|c11_g1	 NA
TR19819|c3_g2	 PF04750.11,Far-17a_AIG1
TR19819|c6_g1	 NA
TR19819|c9_g1	 NA
TR19819|c9_g3	 NA
TR19820|c1_g2	 NA
TR19820|c1_g3	 NA
TR19821|c12_g1	 NA
TR19821|c19_g1	 NA
TR19821|c4_g1	 NA
TR19821|c5_g1	 NA
TR19821|c9_g1	 NA
TR19822|c2_g1	 NA
TR19824|c0_g2	 NA
TR19824|c1_g2	 PF02732.12,ERCC4
TR19824|c7_g1	 NA
TR19825|c6_g1	 NA
TR19825|c6_g4	 NA
TR19826|c0_g1	 NA
TR19826|c2_g1	 NA
TR19826|c5_g1	 NA
TR19826|c6_g1	 PF02893.17,GRAM
TR19827|c0_g2	 PF11817.5,Foie-gras_1
TR19828|c1_g2	 NA
TR19828|c3_g1	 NA
TR19828|c3_g3	 PF05724.8,TPMT
TR19828|c6_g1	 NA
TR19829|c10_g1	 NA
TR19829|c3_g1	 NA
TR19829|c3_g2	 NA
TR19829|c3_g3	 NA
TR19829|c5_g1	 NA
TR19829|c6_g1	 PF13975.3,gag-asp_proteas;PF00078.24,RVT_1;PF00665.23,rve
TR19829|c8_g1	 NA
TR19830|c2_g1	 PF00012.17,HSP70;PF00012.17,HSP70
TR19831|c0_g2	 NA
TR19831|c10_g1	 NA
TR19831|c13_g1	 NA
TR19831|c19_g1	 NA
TR19831|c1_g1	 NA
TR19831|c5_g1	 NA
TR19831|c7_g1	 PF16095.2,COR;PF00069.22,Pkinase
TR19832|c0_g1	 NA
TR19832|c5_g2	 NA
TR19832|c6_g1	 NA
TR19832|c9_g1	 NA
TR19833|c2_g1	 PF13893.3,RRM_5
TR19833|c5_g1	 PF03184.16,DDE_1;PF05225.13,HTH_psq
TR19835|c2_g1	 PF00850.16,Hist_deacetyl
TR19836|c0_g2	 PF08441.9,Integrin_alpha2
TR19836|c0_g3	 NA
TR19836|c2_g1	 NA
TR19837|c0_g1	 PF13086.3,AAA_11
TR19837|c1_g1	 PF00773.16,RNB;PF13086.3,AAA_11;PF13087.3,AAA_12
TR19837|c5_g1	 PF13087.3,AAA_12
TR19838|c0_g1	 PF02854.16,MIF4G
TR19838|c10_g2	 NA
TR19838|c11_g1	 NA
TR19838|c13_g1	 PF02383.15,Syja_N;PF02383.15,Syja_N;PF12456.5,hSac2
TR19838|c16_g1	 PF00665.23,rve
TR19838|c17_g1	 NA
TR19838|c19_g1	 NA
TR19838|c22_g1	 NA
TR19838|c24_g1	 NA
TR19838|c25_g1	 NA
TR19838|c26_g1	 NA
TR19838|c5_g2	 NA
TR19838|c7_g1	 PF00682.16,HMGL-like
TR19838|c7_g2	 PF00682.16,HMGL-like
TR19838|c9_g1	 PF13086.3,AAA_11;PF13087.3,AAA_12
TR19839|c4_g1	 NA
TR19839|c5_g1	 PF00078.24,RVT_1
TR19839|c5_g4	 NA
TR19839|c5_g5	 NA
TR19840|c1_g1	 NA
TR19840|c1_g2	 NA
TR19840|c2_g1	 NA
TR19840|c3_g1	 NA
TR19840|c8_g1	 PF03098.12,An_peroxidase;PF03098.12,An_peroxidase;PF13499.3,EF-hand_7;PF01794.16,Ferric_reduct;PF08022.9,FAD_binding_8;PF08030.9,NAD_binding_6
TR19840|c8_g2	 PF01794.16,Ferric_reduct;PF08022.9,FAD_binding_8;PF08030.9,NAD_binding_6
TR19841|c3_g1	 PF10613.6,Lig_chan-Glu_bd;PF00060.23,Lig_chan
TR19841|c4_g1	 PF06602.11,Myotub-related;PF06602.11,Myotub-related;PF13589.3,HATPase_c_3;PF01119.16,DNA_mis_repair
TR19841|c5_g2	 PF17004.2,SRP_TPR_like;PF08492.9,SRP72
TR19843|c0_g1	 NA
TR19843|c12_g1	 NA
TR19843|c2_g1	 NA
TR19843|c4_g2	 NA
TR19843|c5_g1	 NA
TR19843|c8_g1	 NA
TR19844|c10_g1	 NA
TR19844|c11_g1	 PF00350.20,Dynamin_N
TR19844|c15_g1	 NA
TR19844|c1_g2	 NA
TR19844|c3_g1	 NA
TR19844|c5_g1	 PF01467.23,CTP_transf_like;PF01467.23,CTP_transf_like
TR19844|c8_g3	 NA
TR19845|c0_g4	 PF00867.15,XPG_I
TR19846|c13_g1	 PF00929.21,RNase_T;PF12906.4,RINGv
TR19846|c8_g1	 NA
TR19847|c1_g2	 NA
TR19847|c3_g1	 NA
TR19847|c3_g2	 PF00270.26,DEAD;PF00271.28,Helicase_C;PF08152.9,GUCT
TR19847|c4_g1	 NA
TR19847|c8_g1	 NA
TR19848|c3_g1	 NA
TR19848|c6_g1	 NA
TR19848|c9_g1	 NA
TR19849|c0_g1	 PF01391.15,Collagen
TR19849|c0_g2	 PF01391.15,Collagen;PF01391.15,Collagen
TR19850|c11_g1	 NA
TR19850|c3_g1	 NA
TR19850|c4_g1	 PF09335.8,SNARE_assoc
TR19851|c0_g1	 NA
TR19852|c7_g2	 NA
TR19852|c8_g1	 NA
TR19852|c8_g3	 NA
TR19853|c0_g1	 PF07575.10,Nucleopor_Nup85;PF00169.26,PH
TR19853|c1_g1	 NA
TR19855|c0_g1	 NA
TR19856|c0_g1	 PF00063.18,Myosin_head;PF16521.2,Myosin-VI_CBD
TR19858|c0_g2	 NA
TR19858|c2_g1	 NA
TR19858|c3_g2	 NA
TR19858|c4_g1	 NA
TR19858|c5_g1	 PF00041.18,fn3
TR19858|c6_g1	 NA
TR19858|c7_g3	 NA
TR19859|c0_g2	 NA
TR19859|c0_g3	 PF12796.4,Ank_2;PF00520.28,Ion_trans
TR19859|c1_g1	 NA
TR19860|c1_g2	 PF03254.10,XG_FTase
TR19861|c11_g2	 NA
TR19861|c11_g4	 NA
TR19861|c19_g1	 NA
TR19861|c6_g1	 NA
TR19863|c1_g1	 NA
TR19863|c2_g2	 PF00249.28,Myb_DNA-binding
TR19865|c4_g1	 NA
TR19866|c0_g1	 PF13843.3,DDE_Tnp_1_7
TR19866|c0_g2	 PF13843.3,DDE_Tnp_1_7
TR19866|c17_g1	 NA
TR19866|c1_g1	 PF13843.3,DDE_Tnp_1_7
TR19866|c4_g2	 PF05291.8,Bystin
TR19866|c7_g2	 NA
TR19866|c8_g2	 NA
TR19866|c9_g1	 PF13365.3,Trypsin_2
TR19867|c0_g1	 NA
TR19867|c3_g1	 NA
TR19867|c4_g3	 NA
TR19867|c8_g1	 NA
TR19868|c9_g1	 NA
TR19868|c9_g2	 NA
TR19869|c5_g1	 NA
TR19869|c9_g1	 NA
TR19870|c0_g1	 NA
TR19870|c10_g1	 NA
TR19870|c4_g1	 PF02990.13,EMP70
TR19870|c7_g1	 NA
TR19871|c1_g2	 NA
TR19871|c4_g1	 NA
TR19872|c8_g1	 PF13469.3,Sulfotransfer_3
TR19873|c10_g1	 PF15798.2,PRAS
TR19873|c11_g1	 NA
TR19873|c12_g1	 NA
TR19873|c14_g1	 NA
TR19873|c16_g1	 NA
TR19873|c5_g1	 NA
TR19873|c8_g1	 NA
TR19874|c11_g1	 NA
TR19874|c3_g2	 NA
TR19874|c3_g3	 NA
TR19874|c4_g1	 NA
TR19874|c7_g1	 NA
TR19875|c4_g1	 NA
TR19875|c5_g1	 PF00078.24,RVT_1
TR19876|c0_g1	 NA
TR19876|c0_g2	 PF13832.3,zf-HC5HC2H_2
TR19877|c0_g1	 NA
TR19877|c0_g2	 NA
TR19877|c11_g2	 NA
TR19877|c11_g4	 NA
TR19877|c12_g1	 NA
TR19877|c12_g2	 NA
TR19877|c12_g3	 NA
TR19877|c12_g4	 NA
TR19877|c8_g1	 NA
TR19877|c9_g2	 PF12796.4,Ank_2
TR19878|c0_g1	 PF16477.2,DUF5054
TR19878|c1_g2	 PF01363.18,FYVE;PF01363.18,FYVE
TR19879|c1_g1	 PF01391.15,Collagen
TR19880|c0_g2	 NA
TR19880|c1_g1	 PF00076.19,RRM_1
TR19880|c1_g2	 NA
TR19881|c1_g2	 NA
TR19881|c2_g2	 PF05832.9,DUF846
TR19881|c3_g1	 NA
TR19881|c4_g1	 PF00153.24,Mito_carr;PF00153.24,Mito_carr;PF00153.24,Mito_carr
TR19881|c5_g1	 PF06862.9,UTP25
TR19881|c5_g2	 PF06862.9,UTP25
TR19882|c1_g1	 PF16746.2,BAR_3;PF00169.26,PH;PF01412.15,ArfGap
TR19883|c1_g3	 NA
TR19883|c3_g1	 PF07690.13,MFS_1
TR19883|c3_g2	 PF07690.13,MFS_1
TR19883|c4_g1	 PF00665.23,rve;PF00078.24,RVT_1
TR19884|c2_g1	 PF00581.17,Rhodanese;PF00782.17,DSPc
TR19884|c2_g2	 NA
TR19884|c3_g3	 PF00069.22,Pkinase
TR19884|c4_g1	 NA
TR19884|c4_g2	 NA
TR19884|c5_g1	 NA
TR19885|c1_g2	 NA
TR19885|c2_g1	 NA
TR19885|c3_g1	 NA
TR19885|c5_g1	 NA
TR19885|c8_g2	 NA
TR19885|c9_g1	 NA
TR19886|c5_g1	 NA
TR19886|c6_g3	 PF00561.17,Abhydrolase_1
TR19886|c9_g1	 NA
TR19887|c2_g3	 PF00069.22,Pkinase
TR19888|c0_g1	 NA
TR19888|c1_g1	 NA
TR19889|c11_g1	 NA
TR19889|c12_g1	 NA
TR19889|c5_g2	 NA
TR19890|c0_g1	 PF01344.22,Kelch_1
TR19891|c2_g2	 NA
TR19891|c3_g2	 PF16489.2,GAIN;PF01825.18,GPS
TR19891|c8_g1	 NA
TR19892|c11_g1	 NA
TR19892|c12_g2	 NA
TR19892|c13_g1	 PF01302.22,CAP_GLY;PF01302.22,CAP_GLY;PF01302.22,CAP_GLY
TR19892|c13_g2	 NA
TR19892|c17_g1	 NA
TR19892|c2_g1	 NA
TR19892|c9_g1	 NA
TR19892|c9_g2	 NA
TR19893|c1_g1	 PF11718.5,CPSF73-100_C
TR19893|c1_g2	 NA
TR19895|c1_g1	 NA
TR19895|c3_g1	 PF12796.4,Ank_2;PF13637.3,Ank_4;PF12796.4,Ank_2;PF12796.4,Ank_2
TR19895|c4_g1	 NA
TR19896|c10_g2	 PF00520.28,Ion_trans
TR19896|c14_g1	 NA
TR19896|c22_g1	 NA
TR19896|c4_g2	 NA
TR19896|c6_g1	 PF00665.23,rve
TR19897|c0_g2	 NA
TR19897|c10_g1	 NA
TR19897|c12_g1	 NA
TR19897|c5_g1	 NA
TR19897|c5_g2	 NA
TR19897|c5_g5	 PF03160.11,Calx-beta
TR19897|c6_g1	 NA
TR19897|c8_g1	 PF13927.3,Ig_3
TR19898|c0_g1	 PF00069.22,Pkinase
TR19898|c10_g1	 NA
TR19898|c1_g1	 NA
TR19898|c1_g2	 NA
TR19898|c2_g1	 NA
TR19898|c4_g2	 NA
TR19898|c5_g1	 NA
TR19898|c5_g2	 PF01209.15,Ubie_methyltran
TR19898|c5_g3	 NA
TR19898|c5_g4	 NA
TR19899|c1_g2	 NA
TR19899|c3_g1	 NA
TR19899|c5_g1	 NA
TR19899|c5_g2	 PF00078.24,RVT_1
TR19899|c6_g2	 NA
TR19899|c7_g1	 PF00685.24,Sulfotransfer_1
TR19899|c8_g1	 PF00020.15,TNFR_c6;PF05729.9,NACHT
TR19900|c0_g1	 NA
TR19900|c0_g2	 NA
TR19900|c0_g3	 PF00233.16,PDEase_I
TR19900|c3_g1	 NA
TR19900|c4_g1	 NA
TR19901|c0_g1	 NA
TR19901|c6_g1	 NA
TR19901|c6_g3	 NA
TR19901|c7_g2	 NA
TR19901|c8_g1	 PF13344.3,Hydrolase_6;PF13242.3,Hydrolase_like
TR19901|c9_g2	 NA
TR19901|c9_g3	 NA
TR19901|c9_g5	 NA
TR19902|c2_g2	 NA
TR19902|c3_g2	 PF00096.23,zf-C2H2;PF13894.3,zf-C2H2_4
TR19902|c5_g1	 PF02338.16,OTU
TR19902|c6_g1	 NA
TR19902|c7_g1	 NA
TR19902|c7_g3	 PF00899.18,ThiF;PF16190.2,E1_FCCH;PF16191.2,E1_4HB;PF00899.18,ThiF;PF10585.6,UBA_e1_thiolCys
TR19902|c7_g4	 NA
TR19902|c8_g2	 NA
TR19903|c0_g2	 PF02892.12,zf-BED
TR19903|c0_g3	 NA
TR19903|c2_g1	 NA
TR19904|c2_g1	 PF00108.20,Thiolase_N;PF02803.15,Thiolase_C
TR19904|c4_g2	 PF13589.3,HATPase_c_3
TR19905|c0_g1	 NA
TR19905|c0_g2	 NA
TR19905|c4_g1	 NA
TR19905|c5_g1	 NA
TR19905|c8_g1	 PF11232.5,Med25
TR19905|c9_g1	 NA
TR19906|c0_g2	 NA
TR19906|c1_g2	 PF14675.3,FANCI_S1;PF14679.3,FANCI_HD1;PF14676.3,FANCI_S2;PF14680.3,FANCI_HD2
TR19906|c1_g3	 PF14677.3,FANCI_S3;PF14678.3,FANCI_S4;PF14680.3,FANCI_HD2
TR19906|c3_g1	 NA
TR19907|c1_g1	 NA
TR19907|c3_g1	 NA
TR19909|c3_g1	 NA
TR19910|c0_g1	 PF00339.26,Arrestin_N;PF02752.19,Arrestin_C
TR19910|c2_g1	 NA
TR19910|c3_g3	 PF00665.23,rve
TR19911|c2_g1	 NA
TR19911|c2_g2	 NA
TR19911|c2_g3	 NA
TR19911|c5_g1	 NA
TR19912|c2_g1	 NA
TR19912|c3_g2	 NA
TR19912|c5_g1	 NA
TR19912|c7_g1	 NA
TR19913|c0_g1	 NA
TR19913|c5_g2	 PF00530.15,SRCR;PF00530.15,SRCR;PF00530.15,SRCR
TR19913|c6_g1	 NA
TR19913|c7_g1	 PF12765.4,Cohesin_HEAT;PF12717.4,Cnd1
TR19913|c8_g1	 NA
TR19913|c8_g2	 NA
TR19914|c11_g1	 NA
TR19914|c12_g1	 NA
TR19914|c12_g2	 NA
TR19914|c12_g4	 NA
TR19914|c15_g1	 NA
TR19914|c16_g1	 NA
TR19914|c1_g1	 NA
TR19914|c20_g1	 NA
TR19914|c23_g1	 NA
TR19914|c6_g2	 NA
TR19914|c8_g1	 PF00069.22,Pkinase;PF16579.2,AdenylateSensor
TR19914|c9_g1	 NA
TR19915|c11_g1	 NA
TR19915|c14_g1	 NA
TR19915|c1_g1	 NA
TR19915|c2_g1	 NA
TR19915|c2_g2	 NA
TR19915|c3_g2	 NA
TR19915|c3_g4	 NA
TR19915|c5_g1	 NA
TR19915|c6_g1	 NA
TR19915|c8_g1	 NA
TR19936|c0_g1	 NA
TR19945|c0_g1	 NA
TR19957|c0_g1	 NA
TR19982|c0_g1	 NA
TR20006|c0_g1	 NA
TR20017|c0_g1	 NA
TR20022|c0_g1	 NA
TR20031|c0_g1	 PF01253.19,SUI1
TR20036|c0_g1	 NA
TR20040|c0_g1	 PF00076.19,RRM_1;PF00076.19,RRM_1;PF00076.19,RRM_1
TR20046|c0_g1	 NA
TR20054|c0_g1	 PF10241.6,KxDL
TR20054|c0_g2	 PF10241.6,KxDL
TR20095|c0_g2	 NA
TR20095|c1_g2	 NA
TR20097|c0_g1	 PF00085.17,Thioredoxin;PF06201.10,PITH
TR20100|c0_g1	 NA
TR20101|c0_g1	 NA
TR20103|c0_g1	 NA
TR20106|c0_g1	 NA
TR20106|c0_g2	 PF05351.8,GMP_PDE_delta
TR20112|c0_g1	 NA
TR20123|c0_g1	 PF00169.26,PH
TR20125|c0_g1	 PF02902.16,Peptidase_C48
TR20126|c0_g1	 NA
TR20126|c0_g2	 PF00459.22,Inositol_P
TR20130|c0_g1	 NA
TR20133|c0_g1	 NA
TR20135|c1_g1	 PF05221.14,AdoHcyase;PF00670.18,AdoHcyase_NAD
TR20138|c0_g1	 PF02800.17,Gp_dh_C;PF00044.21,Gp_dh_N
TR20141|c0_g1	 NA
TR20143|c0_g4	 PF01391.15,Collagen
TR20151|c1_g1	 NA
TR20155|c1_g1	 NA
TR20160|c0_g2	 NA
TR20161|c0_g1	 NA
TR20161|c1_g1	 PF10250.6,O-FucT
TR20182|c0_g1	 PF02453.14,Reticulon
TR20205|c0_g1	 NA
TR20210|c0_g1	 NA
TR20232|c0_g1	 NA
TR20234|c0_g1	 NA
TR20237|c0_g1	 NA
TR20240|c0_g1	 NA
TR20248|c0_g1	 NA
TR20264|c0_g1	 PF13879.3,KIAA1430
TR20279|c0_g1	 PF00271.28,Helicase_C;PF00270.26,DEAD
TR20284|c0_g1	 NA
TR20292|c0_g1	 PF00282.16,Pyridoxal_deC
TR202|c0_g1	 PF05544.8,Pro_racemase
TR20313|c0_g1	 NA
TR20313|c2_g1	 NA
TR20314|c2_g1	 NA
TR20318|c0_g1	 NA
TR20332|c1_g1	 NA
TR20339|c0_g1	 NA
TR20356|c0_g1	 NA
TR20357|c0_g1	 PF00710.17,Asparaginase;PF12796.4,Ank_2
TR20373|c0_g1	 PF13923.3,zf-C3HC4_2;PF02176.15,zf-TRAF
TR2038|c0_g1	 NA
TR203|c0_g2	 NA
TR203|c1_g1	 NA
TR20426|c0_g1	 NA
TR20441|c0_g1	 NA
TR20446|c0_g1	 PF00071.19,Ras
TR20452|c0_g1	 NA
TR2045|c0_g1	 NA
TR20481|c0_g1	 NA
TR20486|c0_g1	 NA
TR2048|c0_g1	 PF01471.15,PG_binding_1
TR20498|c0_g1	 NA
TR204|c0_g1	 PF09405.7,Btz
TR20511|c0_g1	 NA
TR20519|c0_g1	 NA
TR2052|c1_g1	 NA
TR20532|c0_g1	 NA
TR20549|c0_g1	 NA
TR2054|c0_g1	 PF00583.22,Acetyltransf_1
TR20554|c0_g1	 NA
TR2056|c0_g1	 NA
TR2056|c0_g2	 NA
TR20575|c0_g1	 PF08069.9,Ribosomal_S13_N;PF00312.19,Ribosomal_S15
TR20596|c0_g1	 NA
TR205|c0_g1	 NA
TR20603|c0_g1	 PF00069.22,Pkinase
TR20605|c0_g1	 PF13354.3,Beta-lactamase2
TR20615|c0_g1	 PF00651.28,BTB;PF07707.12,BACK
TR20625|c0_g1	 NA
TR20629|c0_g1	 PF00640.20,PID
TR20637|c0_g1	 NA
TR20642|c0_g1	 NA
TR20650|c0_g1	 NA
TR20651|c0_g1	 NA
TR20655|c0_g1	 NA
TR20658|c0_g1	 PF11669.5,WBP-1
TR2065|c0_g1	 NA
TR2065|c3_g1	 NA
TR2065|c4_g1	 NA
TR20663|c0_g1	 PF00137.18,ATP-synt_C;PF00137.18,ATP-synt_C
TR2067|c0_g1	 PF13616.3,Rotamase_3
TR206|c0_g2	 NA
TR2071|c4_g1	 NA
TR20726|c0_g1	 NA
TR20740|c0_g1	 NA
TR2076|c0_g1	 NA
TR20771|c0_g1	 NA
TR20806|c0_g1	 NA
TR2080|c0_g1	 NA
TR20814|c0_g1	 NA
TR20815|c0_g1	 NA
TR20817|c0_g1	 PF13695.3,zf-3CxxC
TR20818|c0_g1	 NA
TR20823|c0_g1	 NA
TR20824|c0_g1	 NA
TR20838|c0_g1	 NA
TR20843|c0_g1	 NA
TR2084|c0_g1	 NA
TR20860|c0_g1	 NA
TR20861|c0_g1	 PF06747.10,CHCH
TR20866|c0_g1	 NA
TR2086|c0_g1	 NA
TR20870|c0_g1	 NA
TR20876|c0_g1	 NA
TR20878|c0_g1	 NA
TR20879|c0_g1	 NA
TR20883|c0_g1	 NA
TR2088|c0_g2	 NA
TR208|c0_g1	 PF14881.3,Tubulin_3
TR20936|c0_g1	 NA
TR20948|c0_g1	 NA
TR20978|c0_g1	 PF01541.21,GIY-YIG
TR2098|c0_g1	 NA
TR20995|c0_g1	 NA
TR21008|c0_g1	 NA
TR21018|c0_g1	 NA
TR21035|c0_g1	 NA
TR2108|c0_g1	 PF07200.10,Mod_r
TR21112|c0_g1	 NA
TR21112|c0_g2	 NA
TR2112|c0_g1	 PF01467.23,CTP_transf_like
TR21135|c0_g1	 NA
TR21136|c0_g1	 NA
TR2114|c0_g3	 PF00071.19,Ras
TR2118|c0_g2	 NA
TR21209|c0_g1	 NA
TR21230|c1_g1	 NA
TR2123|c1_g1	 NA
TR21252|c1_g1	 PF01201.19,Ribosomal_S8e
TR21256|c0_g1	 NA
TR21268|c0_g1	 NA
TR21270|c0_g1	 PF00688.15,TGFb_propeptide;PF00019.17,TGF_beta
TR21272|c0_g1	 PF03732.14,Retrotrans_gag
TR21273|c0_g1	 PF04825.10,Rad21_Rec8_N;PF04824.13,Rad21_Rec8
TR21276|c0_g1	 NA
TR21276|c0_g2	 PF00069.22,Pkinase
TR21277|c0_g1	 PF15508.3,NAAA-beta;PF02275.15,CBAH
TR21277|c0_g2	 NA
TR21278|c0_g1	 NA
TR21279|c0_g1	 PF02014.13,Reeler
TR21279|c0_g2	 PF02014.13,Reeler;PF08243.8,SPT2
TR21279|c0_g3	 NA
TR2127|c0_g1	 NA
TR2127|c1_g1	 NA
TR21280|c2_g1	 PF10394.6,Hat1_N
TR21281|c1_g2	 PF16499.2,Melibiase_2
TR21281|c1_g3	 PF16499.2,Melibiase_2
TR21284|c0_g1	 PF00400.29,WD40;PF00400.29,WD40;PF00400.29,WD40;PF00400.29,WD40;PF00400.29,WD40;PF00400.29,WD40;PF00400.29,WD40;PF08625.8,Utp13
TR21284|c0_g2	 PF00400.29,WD40;PF00400.29,WD40;PF00400.29,WD40;PF00400.29,WD40;PF00400.29,WD40;PF00400.29,WD40;PF00400.29,WD40;PF00400.29,WD40;PF00400.29,WD40;PF08625.8,Utp13
TR21284|c0_g3	 PF00400.29,WD40
TR21284|c2_g1	 NA
TR21285|c1_g1	 PF08543.9,Phos_pyr_kin
TR21287|c0_g1	 NA
TR21287|c0_g2	 NA
TR21288|c0_g1	 NA
TR21288|c1_g1	 PF10509.6,GalKase_gal_bdg;PF00288.23,GHMP_kinases_N;PF08544.10,GHMP_kinases_C;PF07690.13,MFS_1
TR21289|c1_g1	 NA
TR21289|c1_g2	 PF00400.29,WD40
TR21290|c0_g1	 PF02934.12,GatB_N
TR21290|c0_g2	 PF02637.15,GatB_Yqey
TR21292|c0_g1	 NA
TR21293|c1_g1	 PF16746.2,BAR_3;PF00169.26,PH;PF00640.20,PID
TR21295|c0_g1	 PF08409.8,DUF1736;PF07699.10,Ephrin_rec_like;PF07699.10,Ephrin_rec_like;PF07699.10,Ephrin_rec_like;PF00431.17,CUB;PF13181.3,TPR_8;PF13432.3,TPR_16
TR21296|c1_g2	 PF00157.14,Pou;PF00046.26,Homeobox
TR21297|c0_g1	 NA
TR21297|c1_g1	 PF00786.25,PBD;PF00069.22,Pkinase
TR21298|c0_g1	 NA
TR21299|c1_g1	 PF03155.12,Alg6_Alg8;PF03155.12,Alg6_Alg8
TR21299|c2_g1	 NA
TR21300|c0_g1	 PF01569.18,PAP2
TR21301|c0_g1	 NA
TR21301|c2_g3	 NA
TR21301|c3_g1	 NA
TR21301|c8_g1	 NA
TR21302|c0_g1	 NA
TR21303|c0_g1	 PF04493.11,Endonuclease_5
TR21308|c0_g1	 NA
TR21308|c2_g1	 NA
TR2130|c1_g1	 NA
TR21311|c0_g1	 PF01562.16,Pep_M12B_propep;PF13688.3,Reprolysin_5;PF00200.20,Disintegrin
TR21312|c0_g1	 NA
TR21313|c0_g1	 NA
TR21313|c1_g1	 PF00076.19,RRM_1
TR21314|c0_g1	 PF00097.22,zf-C3HC4;PF00643.21,zf-B_box;PF00630.16,Filamin;PF01436.18,NHL;PF01436.18,NHL
TR21314|c1_g1	 PF01266.21,DAO;PF01266.21,DAO
TR21315|c0_g2	 PF02434.13,Fringe
TR21316|c1_g1	 NA
TR21316|c2_g1	 NA
TR21316|c2_g2	 NA
TR21317|c0_g1	 PF07714.14,Pkinase_Tyr
TR21317|c1_g1	 NA
TR21317|c3_g1	 NA
TR21319|c0_g1	 NA
TR21320|c0_g1	 NA
TR21321|c1_g1	 NA
TR21321|c1_g2	 PF08409.8,DUF1736
TR21324|c0_g1	 NA
TR21324|c1_g1	 PF03074.13,GCS
TR21325|c0_g1	 NA
TR21327|c2_g2	 PF13516.3,LRR_6;PF13516.3,LRR_6;PF13516.3,LRR_6
TR21332|c3_g1	 NA
TR21332|c6_g1	 NA
TR21333|c1_g1	 PF00307.28,CH;PF00595.21,PDZ;PF00412.19,LIM
TR21334|c0_g1	 PF03160.11,Calx-beta;PF03160.11,Calx-beta;PF03160.11,Calx-beta;PF03160.11,Calx-beta;PF03160.11,Calx-beta;PF03160.11,Calx-beta
TR21335|c0_g1	 PF00355.23,Rieske
TR21335|c0_g2	 NA
TR21335|c1_g1	 NA
TR21338|c0_g1	 NA
TR21338|c1_g1	 NA
TR21338|c3_g1	 NA
TR21339|c1_g1	 PF00083.21,Sugar_tr
TR21339|c2_g1	 PF00501.25,AMP-binding
TR21340|c5_g1	 NA
TR21342|c0_g1	 PF01039.19,Carboxyl_trans;PF01039.19,Carboxyl_trans
TR21343|c0_g1	 NA
TR21343|c2_g1	 PF00004.26,AAA
TR21344|c0_g2	 NA
TR21348|c0_g1	 PF07699.10,Ephrin_rec_like
TR21350|c0_g1	 NA
TR21350|c0_g2	 PF00651.28,BTB
TR21353|c0_g1	 PF13516.3,LRR_6;PF13516.3,LRR_6;PF13516.3,LRR_6;PF13516.3,LRR_6;PF13516.3,LRR_6
TR21354|c0_g1	 PF00071.19,Ras
TR21357|c0_g1	 PF02204.15,VPS9
TR21357|c0_g2	 PF00017.21,SH2
TR21357|c0_g3	 PF02204.15,VPS9
TR21358|c2_g1	 PF00762.16,Ferrochelatase
TR21358|c2_g2	 PF00762.16,Ferrochelatase
TR21358|c3_g1	 NA
TR21360|c0_g1	 NA
TR21360|c1_g2	 PF00005.24,ABC_tran;PF01061.21,ABC2_membrane
TR21362|c0_g2	 NA
TR21364|c4_g2	 PF00503.17,G-alpha
TR21364|c4_g4	 NA
TR21366|c0_g2	 PF00240.20,ubiquitin;PF12148.5,TTD;PF00628.26,PHD;PF02182.14,SAD_SRA
TR21371|c0_g1	 NA
TR21373|c0_g1	 NA
TR21380|c0_g1	 NA
TR2138|c2_g2	 NA
TR21390|c0_g1	 NA
TR21410|c0_g1	 PF00177.18,Ribosomal_S7
TR21419|c0_g1	 NA
TR21420|c0_g1	 PF02157.12,Man-6-P_recep
TR2142|c1_g1	 NA
TR2142|c2_g1	 NA
TR2142|c3_g1	 PF00270.26,DEAD;PF00271.28,Helicase_C
TR2142|c3_g2	 NA
TR2142|c3_g3	 NA
TR21437|c0_g1	 NA
TR2143|c0_g1	 PF06979.9,TMEM70
TR2143|c10_g4	 NA
TR2143|c10_g5	 NA
TR2143|c10_g6	 NA
TR2143|c12_g1	 PF00452.16,Bcl-2
TR2143|c14_g1	 NA
TR2143|c17_g1	 NA
TR2143|c4_g1	 NA
TR2143|c6_g1	 NA
TR2143|c7_g2	 NA
TR2143|c8_g1	 PF16470.2,S8_pro-domain;PF00082.19,Peptidase_S8;PF01483.17,P_proprotein
TR21448|c0_g1	 PF00194.18,Carb_anhydrase
TR21449|c0_g1	 NA
TR2144|c10_g1	 NA
TR2144|c11_g1	 PF03200.13,Glyco_hydro_63;PF16923.2,Glyco_hydro_63N;PF03200.13,Glyco_hydro_63
TR2144|c11_g2	 PF03200.13,Glyco_hydro_63
TR2144|c19_g1	 NA
TR2144|c6_g1	 NA
TR2144|c9_g1	 PF00400.29,WD40
TR21451|c1_g1	 NA
TR21453|c0_g2	 NA
TR21453|c1_g1	 NA
TR21458|c0_g1	 NA
TR21459|c5_g1	 NA
TR2145|c0_g1	 PF06244.9,DUF1014
TR21461|c1_g1	 NA
TR21467|c0_g1	 PF00106.22,adh_short;PF00106.22,adh_short
TR2146|c11_g1	 PF00041.18,fn3
TR2146|c11_g2	 NA
TR2146|c17_g1	 NA
TR2146|c19_g1	 NA
TR2146|c2_g2	 NA
TR2146|c3_g2	 NA
TR2146|c5_g1	 NA
TR2147|c0_g1	 NA
TR2147|c10_g4	 NA
TR2147|c13_g1	 NA
TR2147|c7_g2	 NA
TR21485|c0_g1	 PF12736.4,CABIT;PF00536.27,SAM_1
TR2148|c5_g2	 NA
TR2148|c6_g2	 NA
TR2148|c7_g1	 PF07679.13,I-set;PF13927.3,Ig_3
TR21499|c2_g1	 NA
TR2149|c3_g1	 NA
TR2149|c4_g1	 NA
TR2149|c4_g2	 NA
TR2149|c5_g1	 NA
TR214|c0_g2	 NA
TR21502|c0_g2	 NA
TR21504|c0_g1	 NA
TR2150|c1_g1	 PF00102.24,Y_phosphatase;PF00102.24,Y_phosphatase
TR2151|c1_g1	 NA
TR2152|c0_g1	 PF00535.23,Glycos_transf_2
TR21530|c0_g1	 NA
TR2153|c0_g2	 NA
TR2153|c0_g3	 NA
TR2153|c0_g4	 NA
TR21549|c1_g1	 NA
TR2155|c2_g1	 PF03953.14,Tubulin_C
TR2156|c0_g1	 NA
TR2157|c0_g1	 NA
TR2157|c1_g1	 NA
TR2157|c3_g1	 PF13833.3,EF-hand_8;PF13833.3,EF-hand_8;PF05729.9,NACHT
TR2157|c4_g1	 NA
TR2157|c5_g1	 NA
TR2157|c7_g1	 NA
TR2159|c3_g1	 NA
TR215|c0_g1	 NA
TR2160|c2_g1	 PF00102.24,Y_phosphatase
TR2160|c4_g2	 PF13927.3,Ig_3
TR2161|c1_g1	 NA
TR2161|c1_g2	 NA
TR2161|c3_g1	 PF01153.16,Glypican
TR2162|c0_g1	 NA
TR2162|c11_g1	 NA
TR2162|c12_g1	 NA
TR2162|c4_g1	 NA
TR2162|c8_g1	 NA
TR2162|c9_g1	 NA
TR21638|c0_g1	 NA
TR2163|c0_g2	 NA
TR2163|c10_g2	 NA
TR2163|c4_g2	 NA
TR2163|c6_g1	 NA
TR2163|c6_g2	 NA
TR2163|c9_g2	 NA
TR21644|c0_g1	 NA
TR21647|c0_g1	 PF00578.18,AhpC-TSA
TR21654|c1_g1	 NA
TR2165|c13_g1	 NA
TR2165|c15_g1	 NA
TR2165|c6_g1	 NA
TR2165|c6_g2	 NA
TR2165|c9_g1	 NA
TR2165|c9_g2	 NA
TR21663|c0_g1	 NA
TR2166|c11_g1	 NA
TR2166|c13_g1	 NA
TR2166|c15_g1	 NA
TR2166|c5_g1	 PF00069.22,Pkinase
TR2166|c8_g1	 NA
TR2166|c9_g1	 NA
TR21672|c0_g1	 NA
TR21673|c0_g2	 NA
TR21676|c1_g1	 NA
TR2167|c0_g1	 PF01380.19,SIS
TR2167|c0_g2	 PF00294.21,PfkB
TR2167|c1_g1	 NA
TR2168|c0_g1	 PF10265.6,DUF2217
TR2168|c0_g2	 PF10265.6,DUF2217
TR2168|c1_g3	 PF00004.26,AAA
TR2168|c2_g1	 NA
TR2168|c3_g1	 PF16213.2,DCB;PF12783.4,Sec7_N;PF00071.19,Ras
TR2168|c3_g2	 NA
TR2168|c3_g4	 PF16206.2,Mon2_C
TR21698|c12_g1	 NA
TR21698|c13_g1	 NA
TR21699|c2_g1	 NA
TR21699|c4_g2	 NA
TR2169|c3_g1	 NA
TR216|c11_g1	 NA
TR216|c13_g1	 NA
TR216|c15_g1	 NA
TR216|c4_g2	 NA
TR216|c5_g1	 NA
TR21700|c0_g1	 PF14699.3,hGDE_N;PF14701.3,hDGE_amylase
TR21701|c1_g3	 NA
TR21701|c2_g2	 PF07690.13,MFS_1
TR21702|c11_g1	 NA
TR21702|c1_g1	 NA
TR21702|c1_g2	 NA
TR21702|c4_g1	 NA
TR21702|c7_g1	 NA
TR21702|c8_g2	 NA
TR21702|c8_g4	 NA
TR21702|c8_g6	 NA
TR21703|c10_g1	 NA
TR21703|c4_g1	 NA
TR21704|c0_g1	 NA
TR21704|c13_g1	 NA
TR21704|c15_g1	 NA
TR21704|c4_g1	 PF08351.8,DUF1726;PF05127.11,Helicase_RecD;PF13718.3,GNAT_acetyltr_2;PF13725.3,tRNA_bind_2
TR21704|c4_g2	 NA
TR21704|c6_g1	 NA
TR21704|c6_g2	 NA
TR21704|c7_g1	 NA
TR21704|c7_g3	 NA
TR21704|c8_g1	 PF01636.20,APH;PF02771.13,Acyl-CoA_dh_N;PF02770.16,Acyl-CoA_dh_M;PF00441.21,Acyl-CoA_dh_1
TR21705|c0_g1	 NA
TR21705|c11_g1	 PF10408.6,Ufd2P_core;PF00179.23,UQ_con
TR21705|c13_g1	 NA
TR21705|c4_g1	 NA
TR21705|c5_g1	 NA
TR21705|c6_g1	 NA
TR21705|c7_g3	 NA
TR21705|c9_g1	 NA
TR21706|c0_g1	 NA
TR21706|c1_g1	 NA
TR21706|c9_g1	 NA
TR21707|c10_g1	 PF07502.11,MANEC
TR21707|c11_g1	 NA
TR21707|c1_g1	 PF03943.10,TAP_C
TR21707|c1_g2	 PF03943.10,TAP_C
TR21707|c4_g2	 NA
TR21707|c4_g3	 NA
TR21707|c5_g1	 NA
TR21707|c9_g1	 NA
TR21708|c1_g1	 PF03747.11,ADP_ribosyl_GH;PF04446.9,Thg1
TR21709|c0_g1	 PF07714.14,Pkinase_Tyr
TR2170|c0_g1	 PF00625.18,Guanylate_kin;PF00397.23,WW;PF00397.23,WW;PF00595.21,PDZ;PF00595.21,PDZ;PF00595.21,PDZ;PF00595.21,PDZ;PF00566.15,RabGAP-TBC
TR21710|c1_g1	 NA
TR21710|c2_g1	 NA
TR21710|c2_g2	 PF00078.24,RVT_1;PF00665.23,rve
TR21711|c0_g2	 PF13419.3,HAD_2
TR21711|c1_g1	 NA
TR21711|c1_g2	 PF00169.26,PH
TR21711|c2_g1	 PF00271.28,Helicase_C;PF04408.20,HA2;PF07717.13,OB_NTP_bind;PF00452.16,Bcl-2;PF00270.26,DEAD
TR21711|c3_g1	 NA
TR21711|c4_g1	 NA
TR21712|c1_g1	 PF00743.16,FMO-like;PF00743.16,FMO-like;PF00743.16,FMO-like
TR21713|c3_g1	 PF00055.14,Laminin_N
TR21714|c0_g1	 NA
TR21714|c2_g1	 NA
TR21716|c4_g1	 PF00084.17,Sushi;PF00084.17,Sushi;PF00084.17,Sushi
TR21716|c4_g2	 PF00685.24,Sulfotransfer_1
TR21717|c12_g1	 NA
TR21717|c5_g1	 NA
TR21717|c6_g2	 NA
TR21718|c0_g3	 PF00225.20,Kinesin
TR21719|c5_g1	 NA
TR2171|c0_g2	 NA
TR2171|c10_g1	 NA
TR2171|c4_g1	 NA
TR2171|c5_g3	 NA
TR2171|c5_g4	 NA
TR2171|c6_g1	 NA
TR2171|c7_g1	 NA
TR21720|c0_g1	 PF03160.11,Calx-beta
TR21720|c0_g2	 PF03160.11,Calx-beta
TR21721|c5_g1	 PF00852.16,Glyco_transf_10
TR21722|c14_g1	 NA
TR21722|c14_g2	 NA
TR21722|c15_g2	 NA
TR21722|c8_g1	 PF10343.6,Q_salvage;PF10343.6,Q_salvage
TR21723|c0_g1	 PF01425.18,Amidase
TR21723|c0_g2	 PF01425.18,Amidase
TR21725|c0_g1	 NA
TR21727|c0_g1	 PF00069.22,Pkinase
TR21728|c1_g1	 PF01061.21,ABC2_membrane
TR21728|c1_g2	 NA
TR21728|c2_g1	 NA
TR21729|c0_g2	 NA
TR21729|c0_g3	 NA
TR21729|c0_g4	 NA
TR2172|c10_g1	 NA
TR2172|c10_g2	 NA
TR2172|c10_g3	 PF05649.10,Peptidase_M13_N
TR2172|c16_g1	 NA
TR2172|c5_g1	 NA
TR2172|c8_g1	 PF01234.14,NNMT_PNMT_TEMT
TR2172|c9_g1	 PF01234.14,NNMT_PNMT_TEMT
TR21730|c4_g1	 PF07647.14,SAM_2
TR21731|c0_g1	 NA
TR21733|c3_g1	 PF00069.22,Pkinase;PF00069.22,Pkinase
TR21733|c5_g3	 PF00069.22,Pkinase;PF00433.21,Pkinase_C
TR21733|c6_g1	 NA
TR21733|c9_g2	 NA
TR21733|c9_g3	 NA
TR21734|c1_g1	 PF03828.16,PAP_assoc
TR21735|c12_g1	 NA
TR21735|c1_g1	 PF00004.26,AAA
TR21735|c2_g2	 PF00611.20,FCH
TR21735|c4_g2	 NA
TR21735|c4_g3	 PF03357.18,Snf7
TR21736|c10_g2	 NA
TR21736|c11_g1	 NA
TR21736|c3_g1	 PF15228.3,DAP
TR21736|c3_g2	 NA
TR21736|c7_g1	 NA
TR21736|c9_g1	 NA
TR21737|c10_g1	 NA
TR21737|c3_g2	 NA
TR21737|c4_g1	 NA
TR21737|c6_g1	 NA
TR21738|c3_g1	 NA
TR21739|c10_g1	 NA
TR21739|c2_g1	 NA
TR21739|c5_g1	 PF06119.11,NIDO;PF00094.22,VWD
TR21739|c5_g4	 PF12661.4,hEGF;PF12662.4,cEGF;PF14670.3,FXa_inhibition;PF07645.12,EGF_CA;PF07645.12,EGF_CA;PF07645.12,EGF_CA;PF14670.3,FXa_inhibition
TR2173|c1_g1	 PF00262.15,Calreticulin
TR2173|c1_g2	 PF14604.3,SH3_9;PF00262.15,Calreticulin;PF00262.15,Calreticulin
TR21741|c1_g3	 PF00955.18,HCO3_cotransp
TR21742|c11_g1	 NA
TR21742|c1_g1	 PF07679.13,I-set
TR21742|c2_g1	 NA
TR21742|c7_g1	 PF07679.13,I-set;PF13927.3,Ig_3
TR21742|c7_g2	 NA
TR21743|c2_g2	 PF16489.2,GAIN;PF01825.18,GPS;PF00002.21,7tm_2
TR21744|c0_g1	 NA
TR21744|c6_g1	 PF00169.26,PH
TR21744|c8_g1	 PF05011.10,DBR1
TR21744|c9_g2	 NA
TR21745|c0_g1	 PF03522.12,SLC12
TR21745|c0_g2	 PF00324.18,AA_permease
TR21745|c0_g3	 PF00324.18,AA_permease
TR21746|c1_g1	 NA
TR21746|c3_g1	 NA
TR21746|c6_g1	 NA
TR21746|c6_g2	 PF00685.24,Sulfotransfer_1
TR21746|c7_g1	 NA
TR21747|c2_g1	 PF14634.3,zf-RING_5;PF00643.21,zf-B_box;PF00630.16,Filamin;PF01436.18,NHL;PF01436.18,NHL
TR21748|c0_g1	 NA
TR21748|c1_g1	 NA
TR21748|c6_g1	 NA
TR21749|c3_g1	 NA
TR2174|c0_g2	 NA
TR2174|c10_g1	 NA
TR2174|c1_g1	 NA
TR2174|c7_g1	 NA
TR2174|c8_g1	 NA
TR21751|c0_g1	 NA
TR21751|c2_g1	 PF00408.17,PGM_PMM_IV
TR21751|c4_g1	 NA
TR21752|c12_g1	 NA
TR21752|c2_g2	 NA
TR21752|c2_g3	 NA
TR21752|c4_g2	 PF15377.3,DUF4604
TR21752|c6_g1	 NA
TR21752|c7_g1	 NA
TR21752|c8_g1	 PF13805.3,Pil1;PF00229.15,TNF
TR21753|c10_g1	 PF13621.3,Cupin_8
TR21753|c11_g1	 NA
TR21753|c2_g2	 NA
TR21753|c5_g1	 PF13621.3,Cupin_8
TR21753|c6_g2	 NA
TR21754|c6_g1	 NA
TR21754|c7_g1	 NA
TR21755|c10_g2	 PF00069.22,Pkinase
TR21755|c13_g1	 NA
TR21755|c1_g1	 NA
TR21755|c1_g2	 NA
TR21755|c24_g1	 NA
TR21755|c4_g1	 NA
TR21755|c9_g1	 PF03874.13,RNA_pol_Rpb4
TR21757|c5_g1	 PF06119.11,NIDO;PF00094.22,VWD;PF00089.23,Trypsin
TR21757|c5_g4	 PF06119.11,NIDO;PF00094.22,VWD
TR21757|c5_g5	 NA
TR21758|c0_g1	 NA
TR21758|c0_g2	 NA
TR21759|c2_g1	 PF01490.15,Aa_trans
TR21759|c2_g2	 PF01490.15,Aa_trans
TR21759|c3_g1	 NA
TR21759|c4_g3	 PF06462.9,Hyd_WA
TR21759|c4_g4	 PF06462.9,Hyd_WA
TR21759|c4_g5	 NA
TR21759|c4_g6	 NA
TR21759|c5_g1	 NA
TR21759|c7_g1	 NA
TR2175|c0_g1	 NA
TR2175|c15_g1	 NA
TR2175|c3_g3	 NA
TR2175|c7_g2	 NA
TR2175|c8_g1	 NA
TR2175|c9_g2	 PF03114.15,BAR;PF00620.24,RhoGAP
TR21760|c0_g1	 NA
TR21760|c3_g1	 NA
TR21761|c0_g2	 PF03456.15,uDENN;PF02141.18,DENN
TR21762|c0_g1	 PF00083.21,Sugar_tr;PF00083.21,Sugar_tr
TR21763|c0_g1	 PF00155.18,Aminotran_1_2
TR21764|c1_g1	 PF07714.14,Pkinase_Tyr
TR21764|c1_g2	 PF07714.14,Pkinase_Tyr
TR21764|c1_g3	 PF00188.23,CAP;PF06668.9,ITI_HC_C
TR21765|c0_g1	 NA
TR21765|c2_g1	 PF14214.3,Helitron_like_N
TR21766|c1_g1	 PF02893.17,GRAM;PF16016.2,DUF4782
TR21767|c0_g1	 PF12862.4,ANAPC5
TR21768|c1_g1	 NA
TR21768|c1_g2	 NA
TR21768|c4_g1	 PF01392.19,Fz;PF00051.15,Kringle
TR21768|c5_g1	 PF00051.15,Kringle;PF07714.14,Pkinase_Tyr
TR21768|c6_g1	 NA
TR21768|c8_g2	 PF07679.13,I-set;PF00084.17,Sushi
TR21769|c0_g1	 NA
TR21769|c1_g2	 PF01734.19,Patatin
TR2176|c0_g1	 PF14580.3,LRR_9
TR2176|c1_g1	 NA
TR2176|c2_g1	 NA
TR2176|c2_g2	 NA
TR2176|c3_g1	 PF03221.13,HTH_Tnp_Tc5;PF03184.16,DDE_1
TR21770|c0_g2	 PF14745.3,WASH-7_N
TR21770|c1_g1	 NA
TR21770|c2_g1	 NA
TR21772|c10_g1	 PF00650.17,CRAL_TRIO;PF03765.12,CRAL_TRIO_N
TR21772|c15_g1	 NA
TR21772|c16_g1	 NA
TR21772|c3_g1	 PF00071.19,Ras
TR21772|c4_g1	 NA
TR21772|c6_g1	 PF00362.15,Integrin_beta;PF08725.8,Integrin_b_cyt
TR21772|c8_g1	 NA
TR21772|c9_g1	 NA
TR21773|c2_g1	 NA
TR21773|c5_g1	 NA
TR21773|c5_g2	 NA
TR21773|c6_g1	 NA
TR21773|c8_g1	 NA
TR21774|c1_g1	 NA
TR21775|c11_g1	 NA
TR21775|c19_g1	 PF15384.3,PAXX
TR21775|c21_g1	 NA
TR21775|c3_g2	 NA
TR21775|c6_g1	 NA
TR21775|c8_g1	 NA
TR21775|c8_g2	 NA
TR21776|c1_g1	 PF15678.2,SPICE
TR21776|c1_g2	 PF15678.2,SPICE
TR21777|c0_g1	 NA
TR21777|c0_g3	 PF13646.3,HEAT_2
TR21777|c0_g5	 NA
TR21778|c0_g1	 NA
TR21778|c0_g3	 PF00076.19,RRM_1;PF00013.26,KH_1;PF00013.26,KH_1
TR21778|c1_g1	 NA
TR21778|c3_g1	 NA
TR21779|c0_g1	 NA
TR2177|c10_g1	 NA
TR2177|c11_g1	 NA
TR2177|c13_g1	 NA
TR2177|c14_g1	 NA
TR2177|c3_g1	 NA
TR2177|c4_g1	 PF04114.11,Gaa1
TR2177|c5_g1	 NA
TR2177|c8_g1	 PF16566.2,CREPT
TR21780|c2_g1	 NA
TR21781|c16_g1	 NA
TR21781|c2_g2	 NA
TR21781|c3_g1	 NA
TR21781|c7_g1	 NA
TR21781|c7_g2	 NA
TR21781|c7_g3	 NA
TR21781|c8_g1	 PF01302.22,CAP_GLY
TR21781|c9_g2	 PF00078.24,RVT_1
TR21782|c0_g1	 PF00704.25,Glyco_hydro_18
TR21782|c0_g2	 NA
TR21783|c0_g1	 NA
TR21784|c0_g3	 PF05183.9,RdRP
TR21784|c0_g4	 PF13086.3,AAA_11;PF13086.3,AAA_11;PF13087.3,AAA_12
TR21784|c1_g1	 PF13521.3,AAA_28
TR21785|c3_g1	 NA
TR21785|c5_g2	 NA
TR21785|c6_g1	 PF13639.3,zf-RING_2
TR21786|c0_g2	 NA
TR21786|c2_g4	 PF07728.11,AAA_5
TR21786|c3_g1	 NA
TR21786|c3_g2	 NA
TR21786|c3_g4	 NA
TR21786|c5_g1	 NA
TR21787|c0_g1	 PF00651.28,BTB;PF07707.12,BACK
TR21788|c3_g1	 NA
TR21788|c7_g2	 NA
TR2178|c0_g1	 PF00439.22,Bromodomain
TR21790|c11_g1	 PF14647.3,FAM91_N;PF14648.3,FAM91_C
TR21790|c1_g1	 NA
TR21790|c1_g2	 NA
TR21790|c3_g2	 NA
TR21790|c5_g1	 NA
TR21790|c7_g1	 NA
TR21791|c1_g1	 NA
TR21792|c3_g1	 NA
TR21792|c5_g1	 NA
TR21793|c2_g2	 PF00069.22,Pkinase
TR21794|c1_g1	 PF08801.8,Nucleoporin_N
TR21794|c4_g1	 NA
TR21794|c5_g1	 PF00903.22,Glyoxalase
TR21794|c7_g1	 NA
TR21795|c1_g1	 NA
TR21795|c2_g1	 PF09726.6,Macoilin
TR21796|c0_g1	 PF09748.6,Med10
TR21796|c1_g1	 NA
TR21796|c1_g2	 NA
TR21796|c3_g2	 PF00175.18,NAD_binding_1
TR21796|c4_g1	 NA
TR21796|c9_g1	 NA
TR21797|c0_g1	 PF02865.14,STAT_int
TR21797|c1_g1	 NA
TR21797|c1_g2	 PF01017.17,STAT_alpha;PF02864.12,STAT_bind;PF00017.21,SH2
TR21799|c0_g1	 PF04051.13,TRAPP
TR2179|c3_g1	 NA
TR2179|c4_g1	 NA
TR2179|c4_g2	 NA
TR2179|c5_g1	 NA
TR2179|c7_g1	 NA
TR2179|c8_g1	 NA
TR217|c0_g1	 PF00160.18,Pro_isomerase;PF00160.18,Pro_isomerase
TR21804|c0_g1	 NA
TR21809|c0_g1	 NA
TR2180|c2_g1	 NA
TR2180|c6_g1	 NA
TR2181|c0_g1	 PF02966.13,DIM1
TR2181|c1_g3	 PF00271.28,Helicase_C
TR2181|c1_g4	 NA
TR21822|c0_g1	 NA
TR2182|c0_g1	 NA
TR2182|c0_g2	 NA
TR2182|c7_g1	 NA
TR21830|c0_g1	 NA
TR2183|c0_g1	 NA
TR2183|c1_g1	 PF05729.9,NACHT
TR21849|c0_g1	 PF00069.22,Pkinase
TR2184|c2_g1	 PF03160.11,Calx-beta;PF03160.11,Calx-beta;PF03160.11,Calx-beta
TR2184|c2_g2	 PF02014.13,Reeler
TR2184|c3_g1	 NA
TR2184|c4_g1	 NA
TR2185|c1_g1	 NA
TR2185|c1_g3	 NA
TR2185|c2_g1	 NA
TR21863|c0_g1	 PF00210.21,Ferritin
TR21866|c0_g1	 PF00147.15,Fibrinogen_C
TR21869|c0_g1	 NA
TR2186|c0_g1	 NA
TR2186|c1_g1	 NA
TR2186|c1_g2	 NA
TR2186|c2_g1	 NA
TR2186|c4_g1	 NA
TR2186|c4_g2	 NA
TR2186|c8_g1	 NA
TR2186|c9_g1	 NA
TR2187|c13_g1	 NA
TR2187|c15_g1	 NA
TR2187|c1_g1	 NA
TR2187|c2_g1	 NA
TR2187|c4_g1	 NA
TR2187|c4_g2	 NA
TR21885|c0_g1	 NA
TR2188|c1_g1	 PF16095.2,COR;PF07714.14,Pkinase_Tyr
TR2188|c1_g2	 NA
TR2188|c1_g3	 PF00069.22,Pkinase
TR2188|c1_g4	 PF13855.3,LRR_8
TR21894|c0_g1	 NA
TR21901|c0_g1	 NA
TR21902|c0_g1	 NA
TR2190|c2_g1	 PF00732.16,GMC_oxred_N;PF05199.10,GMC_oxred_C
TR2191|c0_g1	 NA
TR2192|c0_g1	 NA
TR2192|c1_g1	 PF01137.18,RTC;PF05189.10,RTC_insert
TR21932|c0_g1	 PF00531.19,Death
TR2193|c10_g1	 PF00191.17,Annexin;PF00191.17,Annexin
TR2193|c15_g1	 NA
TR2193|c18_g1	 NA
TR2193|c1_g1	 NA
TR2193|c1_g2	 NA
TR2193|c20_g1	 NA
TR2193|c2_g1	 NA
TR2193|c5_g2	 NA
TR2193|c7_g1	 PF00385.21,Chromo
TR2194|c5_g2	 NA
TR2194|c6_g1	 NA
TR2195|c0_g1	 NA
TR21963|c0_g1	 NA
TR2196|c0_g1	 NA
TR2196|c1_g1	 PF13927.3,Ig_3;PF13927.3,Ig_3;PF07679.13,I-set;PF00041.18,fn3
TR2196|c5_g1	 NA
TR2196|c6_g1	 NA
TR21978|c0_g1	 NA
TR2197|c0_g1	 NA
TR21982|c0_g1	 NA
TR21987|c0_g1	 PF00722.18,Glyco_hydro_16
TR21987|c1_g1	 NA
TR2198|c0_g1	 PF00888.19,Cullin;PF10557.6,Cullin_Nedd8
TR21999|c1_g1	 NA
TR2199|c0_g3	 NA
TR2199|c3_g1	 PF00643.21,zf-B_box;PF00630.16,Filamin;PF01436.18,NHL
TR2199|c4_g2	 NA
TR2199|c4_g3	 NA
TR2199|c8_g1	 NA
TR219|c0_g1	 NA
TR219|c2_g1	 PF01055.23,Glyco_hydro_31
TR22004|c0_g1	 NA
TR2200|c7_g1	 NA
TR22010|c3_g1	 PF14604.3,SH3_9
TR22016|c1_g1	 NA
TR2201|c13_g1	 NA
TR2201|c18_g1	 NA
TR2201|c1_g1	 PF01299.14,Lamp;PF00870.15,P53;PF00870.15,P53
TR2201|c1_g2	 PF01299.14,Lamp;PF00870.15,P53
TR2201|c2_g1	 NA
TR2201|c2_g2	 NA
TR2201|c6_g2	 NA
TR2201|c7_g1	 PF00789.17,UBX;PF01490.15,Aa_trans;PF01490.15,Aa_trans
TR2201|c7_g3	 NA
TR2201|c8_g1	 NA
TR22023|c0_g1	 NA
TR22025|c0_g1	 PF08212.9,Lipocalin_2
TR22026|c1_g1	 NA
TR22029|c0_g1	 PF00096.23,zf-C2H2
TR2202|c10_g1	 NA
TR2202|c1_g1	 NA
TR2202|c5_g2	 NA
TR2202|c8_g1	 PF01161.17,PBP
TR2202|c9_g1	 NA
TR22031|c0_g1	 PF00498.23,FHA;PF13920.3,zf-C3HC4_3
TR22031|c0_g2	 PF00498.23,FHA;PF13920.3,zf-C3HC4_3
TR22031|c4_g1	 NA
TR22033|c0_g1	 NA
TR22034|c0_g1	 PF13499.3,EF-hand_7;PF13202.3,EF-hand_5
TR22035|c0_g1	 PF03372.20,Exo_endo_phos
TR22036|c0_g1	 NA
TR22036|c1_g1	 NA
TR22037|c0_g1	 PF02845.13,CUE
TR22038|c0_g3	 NA
TR22039|c0_g1	 PF12349.5,Sterol-sensing;PF00400.29,WD40;PF00400.29,WD40
TR22039|c0_g2	 NA
TR22039|c1_g1	 NA
TR22040|c0_g1	 PF00364.19,Biotin_lipoyl;PF00198.20,2-oxoacid_dh
TR22040|c0_g3	 NA
TR22041|c0_g1	 PF00402.15,Calponin
TR22041|c1_g1	 PF00307.28,CH;PF00402.15,Calponin
TR22044|c0_g2	 PF05225.13,HTH_psq;PF03184.16,DDE_1
TR22044|c0_g3	 PF05225.13,HTH_psq;PF03184.16,DDE_1
TR22044|c1_g1	 NA
TR22044|c1_g2	 NA
TR22044|c4_g1	 NA
TR22044|c5_g1	 NA
TR22046|c0_g1	 PF03160.11,Calx-beta;PF03160.11,Calx-beta
TR22046|c1_g1	 NA
TR22050|c0_g1	 PF08712.8,Nfu_N;PF01106.14,NifU
TR22051|c0_g2	 PF13676.3,TIR_2
TR22052|c0_g1	 NA
TR22055|c1_g1	 NA
TR22057|c0_g2	 PF05485.9,THAP
TR22057|c1_g2	 NA
TR22057|c2_g2	 NA
TR22057|c3_g1	 NA
TR22057|c3_g2	 NA
TR22057|c6_g1	 NA
TR22058|c0_g2	 PF10277.6,Frag1
TR22058|c2_g1	 NA
TR22058|c3_g1	 NA
TR22059|c0_g2	 NA
TR22059|c3_g1	 NA
TR2205|c3_g1	 NA
TR2205|c3_g2	 PF00078.24,RVT_1
TR22062|c0_g2	 NA
TR22063|c0_g1	 PF00069.22,Pkinase;PF00069.22,Pkinase
TR22064|c0_g1	 NA
TR22065|c0_g1	 NA
TR22065|c0_g2	 PF01565.20,FAD_binding_4
TR22066|c0_g1	 PF00063.18,Myosin_head;PF00017.21,SH2
TR22066|c0_g2	 PF00063.18,Myosin_head
TR22067|c0_g1	 PF00415.15,RCC1;PF00415.15,RCC1;PF00415.15,RCC1
TR22068|c1_g2	 PF01896.16,DNA_primase_S
TR22069|c0_g1	 PF08911.8,NUP50;PF00638.15,Ran_BP1
TR2206|c13_g2	 NA
TR2206|c14_g1	 NA
TR2206|c14_g2	 NA
TR2206|c7_g1	 NA
TR22071|c1_g1	 NA
TR22072|c0_g1	 PF00415.15,RCC1;PF00415.15,RCC1;PF00415.15,RCC1;PF00415.15,RCC1;PF00651.28,BTB
TR22073|c0_g1	 PF12213.5,Dpoe2NT;PF04042.13,DNA_pol_E_B
TR22076|c0_g1	 NA
TR22079|c0_g1	 NA
TR22079|c1_g1	 PF08241.9,Methyltransf_11
TR2207|c10_g1	 NA
TR2207|c4_g1	 NA
TR2207|c7_g1	 NA
TR2207|c7_g2	 PF07690.13,MFS_1
TR22080|c0_g1	 PF00566.15,RabGAP-TBC
TR22081|c0_g1	 NA
TR22081|c0_g3	 NA
TR22082|c1_g1	 NA
TR22082|c1_g2	 PF00028.14,Cadherin;PF00028.14,Cadherin;PF00028.14,Cadherin;PF00028.14,Cadherin;PF00028.14,Cadherin;PF00028.14,Cadherin;PF00028.14,Cadherin;PF00028.14,Cadherin;PF00028.14,Cadherin;PF00028.14,Cadherin;PF00028.14,Cadherin
TR22084|c0_g1	 NA
TR22084|c1_g1	 NA
TR22085|c0_g1	 NA
TR22085|c0_g2	 PF00008.24,EGF;PF00008.24,EGF;PF00008.24,EGF;PF00008.24,EGF
TR22086|c0_g1	 PF08016.9,PKD_channel
TR22087|c1_g1	 NA
TR22087|c1_g2	 NA
TR22088|c0_g1	 NA
TR22088|c1_g1	 PF00085.17,Thioredoxin
TR22091|c0_g1	 PF00071.19,Ras
TR22092|c0_g1	 PF03820.14,Mtc
TR22092|c2_g1	 PF13847.3,Methyltransf_31;PF06859.9,Bin3
TR22093|c4_g1	 PF00008.24,EGF;PF12661.4,hEGF
TR22098|c0_g1	 NA
TR22098|c2_g1	 PF12937.4,F-box-like
TR22099|c0_g1	 PF00787.21,PX
TR2209|c1_g1	 PF00069.22,Pkinase
TR22101|c0_g2	 NA
TR22101|c1_g1	 NA
TR22102|c0_g1	 PF01467.23,CTP_transf_like
TR22102|c0_g3	 PF01467.23,CTP_transf_like;PF01467.23,CTP_transf_like
TR22104|c1_g1	 PF16969.2,SRP68;PF00076.19,RRM_1
TR22105|c0_g1	 PF07647.14,SAM_2
TR22107|c0_g1	 PF07679.13,I-set
TR22108|c0_g1	 NA
TR22108|c1_g1	 PF01569.18,PAP2
TR22109|c0_g1	 NA
TR22109|c0_g2	 NA
TR2210|c2_g1	 PF00069.22,Pkinase;PF00415.15,RCC1;PF00415.15,RCC1
TR22111|c0_g1	 PF10075.6,CSN8_PSD8_EIF3K
TR22113|c0_g1	 NA
TR22114|c0_g1	 NA
TR22115|c2_g1	 NA
TR22115|c2_g2	 PF05110.10,AF-4
TR22115|c4_g1	 NA
TR22116|c0_g1	 NA
TR22118|c0_g1	 NA
TR2211|c2_g2	 NA
TR2211|c6_g1	 NA
TR22122|c0_g1	 PF04757.11,Pex2_Pex12
TR22122|c0_g2	 PF13920.3,zf-C3HC4_3
TR22124|c0_g1	 PF01015.15,Ribosomal_S3Ae
TR22124|c0_g2	 PF01015.15,Ribosomal_S3Ae
TR22124|c1_g1	 NA
TR22124|c2_g1	 PF00300.19,His_Phos_1;PF07647.14,SAM_2;PF00300.19,His_Phos_1
TR2212|c1_g1	 PF00632.22,HECT
TR2212|c1_g2	 PF00612.24,IQ
TR22137|c0_g1	 NA
TR22138|c1_g1	 NA
TR2213|c0_g1	 PF00211.17,Guanylate_cyc
TR22146|c0_g1	 PF00339.26,Arrestin_N;PF02752.19,Arrestin_C
TR2214|c3_g1	 NA
TR2214|c4_g1	 NA
TR2214|c5_g1	 NA
TR2215|c0_g1	 NA
TR2215|c10_g2	 NA
TR2215|c11_g2	 PF07714.14,Pkinase_Tyr
TR2215|c12_g1	 NA
TR2215|c14_g1	 NA
TR2215|c19_g1	 NA
TR2215|c21_g1	 NA
TR2215|c5_g1	 NA
TR2215|c7_g1	 NA
TR2215|c8_g2	 NA
TR22165|c0_g1	 NA
TR22167|c0_g1	 NA
TR2216|c1_g1	 NA
TR22171|c1_g1	 NA
TR2217|c1_g1	 NA
TR2217|c1_g2	 PF05729.9,NACHT
TR2217|c2_g1	 PF05729.9,NACHT
TR2217|c2_g2	 PF05729.9,NACHT
TR2218|c10_g1	 NA
TR2218|c11_g1	 NA
TR2218|c14_g1	 NA
TR2218|c9_g1	 PF01853.15,MOZ_SAS;PF01457.13,Peptidase_M8;PF10283.6,zf-CCHH;PF10283.6,zf-CCHH
TR22192|c0_g1	 NA
TR2219|c0_g1	 PF00618.17,RasGEF_N
TR2219|c0_g3	 NA
TR221|c0_g1	 PF08069.9,Ribosomal_S13_N;PF00312.19,Ribosomal_S15
TR2221|c10_g1	 NA
TR2221|c11_g1	 NA
TR2221|c13_g1	 PF01826.14,TIL
TR2221|c15_g1	 NA
TR2221|c22_g1	 NA
TR2221|c2_g1	 NA
TR2221|c4_g1	 NA
TR2221|c9_g1	 NA
TR2222|c0_g1	 NA
TR2222|c3_g1	 PF06472.12,ABC_membrane_2;PF00005.24,ABC_tran
TR2222|c4_g1	 NA
TR2222|c4_g2	 NA
TR2222|c4_g3	 NA
TR2223|c2_g1	 NA
TR2223|c4_g2	 NA
TR2224|c12_g1	 NA
TR2224|c13_g1	 NA
TR2224|c13_g3	 PF05380.10,Peptidase_A17
TR2224|c14_g1	 NA
TR2224|c7_g1	 NA
TR2224|c8_g1	 NA
TR22251|c2_g1	 NA
TR22252|c0_g1	 PF00013.26,KH_1;PF00013.26,KH_1;PF00013.26,KH_1;PF00013.26,KH_1;PF00013.26,KH_1;PF00013.26,KH_1;PF00013.26,KH_1;PF00013.26,KH_1;PF00013.26,KH_1;PF00013.26,KH_1;PF00013.26,KH_1;PF00013.26,KH_1;PF00013.26,KH_1;PF00013.26,KH_1
TR22253|c0_g1	 NA
TR22253|c0_g2	 PF07714.14,Pkinase_Tyr
TR22253|c11_g1	 PF07714.14,Pkinase_Tyr
TR22253|c11_g2	 PF00071.19,Ras;PF08477.10,Roc;PF16095.2,COR
TR22253|c15_g1	 NA
TR22253|c1_g1	 NA
TR22253|c20_g1	 NA
TR22253|c21_g1	 NA
TR22253|c25_g1	 NA
TR22253|c28_g1	 NA
TR22253|c33_g1	 NA
TR22253|c8_g1	 NA
TR22253|c9_g2	 PF00018.25,SH3_1
TR22254|c0_g1	 PF02816.15,Alpha_kinase
TR22255|c1_g1	 PF00005.24,ABC_tran;PF01061.21,ABC2_membrane
TR22255|c3_g1	 NA
TR22255|c4_g1	 NA
TR22256|c1_g2	 PF07992.11,Pyr_redox_2
TR22258|c0_g2	 PF13181.3,TPR_8
TR22258|c0_g3	 NA
TR22259|c0_g3	 NA
TR2225|c3_g1	 PF00916.17,Sulfate_transp
TR2225|c5_g1	 PF00916.17,Sulfate_transp
TR2225|c5_g2	 NA
TR2225|c6_g2	 PF00916.17,Sulfate_transp
TR2225|c7_g1	 NA
TR2225|c7_g2	 NA
TR2225|c8_g1	 PF00916.17,Sulfate_transp;PF01740.18,STAS
TR2225|c9_g1	 NA
TR22262|c0_g1	 PF08719.8,DUF1768
TR22262|c2_g1	 NA
TR22263|c1_g1	 PF10507.6,DUF2453;PF00459.22,Inositol_P
TR22265|c4_g1	 PF02274.14,Amidinotransf
TR22267|c0_g1	 NA
TR22267|c2_g1	 NA
TR22267|c3_g1	 PF00169.26,PH
TR22267|c4_g2	 NA
TR22267|c5_g2	 NA
TR22267|c7_g1	 NA
TR22267|c8_g1	 NA
TR22268|c11_g3	 PF16046.2,FAM76
TR22268|c12_g1	 PF05517.9,p25-alpha
TR22268|c12_g2	 PF08560.7,DUF1757
TR22268|c6_g1	 NA
TR22271|c0_g2	 NA
TR22272|c3_g1	 PF12796.4,Ank_2;PF00023.27,Ank
TR22275|c0_g1	 NA
TR22275|c0_g2	 PF03160.11,Calx-beta;PF03160.11,Calx-beta
TR22275|c0_g4	 PF03160.11,Calx-beta;PF03160.11,Calx-beta;PF03160.11,Calx-beta
TR22276|c1_g1	 PF06644.8,ATP11
TR22276|c2_g1	 NA
TR22277|c0_g1	 NA
TR22278|c0_g2	 NA
TR22283|c1_g2	 NA
TR22283|c1_g3	 NA
TR22284|c0_g2	 PF00531.19,Death
TR22285|c1_g1	 PF02207.17,zf-UBR
TR22285|c5_g1	 NA
TR22285|c6_g1	 NA
TR22286|c0_g1	 PF00664.20,ABC_membrane
TR22286|c1_g2	 PF00664.20,ABC_membrane;PF00005.24,ABC_tran
TR22287|c0_g1	 NA
TR22287|c0_g3	 PF01363.18,FYVE
TR22288|c1_g1	 PF04884.11,DUF647
TR22289|c0_g1	 PF00653.18,BIR
TR22289|c1_g1	 NA
TR22289|c1_g2	 NA
TR22289|c1_g3	 PF13920.3,zf-C3HC4_3
TR2228|c10_g1	 NA
TR2228|c7_g2	 NA
TR22291|c0_g1	 NA
TR22291|c1_g1	 NA
TR22291|c1_g2	 NA
TR22293|c0_g1	 NA
TR22293|c0_g2	 NA
TR22293|c4_g1	 NA
TR22293|c5_g1	 PF00533.23,BRCT
TR22295|c0_g3	 NA
TR22298|c2_g1	 NA
TR22298|c4_g1	 NA
TR22299|c0_g2	 PF02263.16,GBP
TR2229|c1_g1	 NA
TR2229|c3_g1	 PF01273.22,LBP_BPI_CETP;PF02886.14,LBP_BPI_CETP_C
TR2229|c4_g1	 NA
TR222|c0_g1	 NA
TR222|c1_g1	 NA
TR22301|c0_g2	 PF02176.15,zf-TRAF;PF02176.15,zf-TRAF
TR22303|c0_g1	 PF01176.16,eIF-1a
TR22303|c0_g2	 PF01176.16,eIF-1a
TR22303|c1_g2	 NA
TR22303|c2_g2	 PF16317.2,Glyco_hydro_99
TR22303|c2_g3	 NA
TR22306|c0_g1	 PF03416.16,Peptidase_C54
TR22307|c1_g1	 PF00017.21,SH2
TR22307|c2_g1	 PF12796.4,Ank_2;PF00017.21,SH2;PF07714.14,Pkinase_Tyr
TR22308|c0_g1	 PF13923.3,zf-C3HC4_2;PF00595.21,PDZ
TR2230|c3_g1	 PF12017.5,Tnp_P_element
TR2230|c6_g2	 NA
TR2230|c8_g2	 NA
TR2230|c9_g1	 PF09337.7,zf-H2C2
TR22310|c0_g1	 PF00023.27,Ank;PF12796.4,Ank_2;PF00023.27,Ank;PF12796.4,Ank_2
TR22312|c0_g2	 NA
TR22312|c1_g1	 PF09286.8,Pro-kuma_activ;PF00082.19,Peptidase_S8
TR22312|c2_g1	 NA
TR22313|c0_g1	 PF00092.25,VWA
TR22314|c0_g3	 NA
TR22314|c2_g1	 NA
TR22315|c0_g1	 PF00595.21,PDZ;PF00595.21,PDZ;PF00595.21,PDZ;PF00595.21,PDZ;PF00595.21,PDZ;PF13180.3,PDZ_2
TR22316|c0_g1	 PF00611.20,FCH
TR22317|c0_g1	 PF07962.9,Swi3
TR22318|c0_g1	 NA
TR22318|c0_g2	 PF10221.6,DUF2151
TR22319|c0_g1	 NA
TR22319|c0_g2	 PF01798.15,Nop
TR22319|c0_g3	 NA
TR2231|c0_g1	 PF04564.12,U-box;PF08606.8,Prp19;PF00400.29,WD40
TR22322|c0_g2	 NA
TR22323|c0_g1	 PF04130.10,Spc97_Spc98
TR22323|c1_g1	 NA
TR22323|c4_g1	 NA
TR22324|c1_g1	 PF16884.2,ADH_N_2;PF00107.23,ADH_zinc_N
TR22324|c1_g3	 NA
TR22325|c0_g1	 NA
TR22325|c0_g2	 NA
TR22325|c1_g2	 NA
TR22325|c2_g1	 NA
TR22325|c2_g2	 NA
TR22325|c4_g1	 NA
TR22326|c1_g1	 PF01984.17,dsDNA_bind
TR22326|c3_g2	 NA
TR22327|c0_g1	 NA
TR22328|c0_g1	 PF00619.18,CARD
TR2232|c10_g1	 NA
TR2232|c13_g1	 NA
TR2232|c16_g1	 NA
TR2232|c1_g1	 NA
TR2232|c2_g1	 NA
TR2232|c2_g2	 PF00069.22,Pkinase
TR2232|c3_g2	 NA
TR2232|c5_g1	 NA
TR2232|c9_g2	 NA
TR22331|c1_g1	 PF00240.20,ubiquitin
TR22331|c2_g1	 PF02176.15,zf-TRAF;PF02176.15,zf-TRAF
TR22333|c0_g1	 PF00665.23,rve;PF05380.10,Peptidase_A17
TR22334|c0_g1	 PF15692.2,NKAP
TR22334|c1_g1	 PF12796.4,Ank_2;PF00023.27,Ank;PF12796.4,Ank_2;PF13857.3,Ank_5
TR22335|c0_g1	 NA
TR22335|c0_g2	 NA
TR22336|c1_g2	 NA
TR22336|c3_g1	 PF07998.8,Peptidase_M54
TR22337|c1_g1	 PF00630.16,Filamin;PF05686.9,Glyco_transf_90
TR22338|c0_g1	 NA
TR22338|c0_g3	 PF00995.20,Sec1
TR22339|c1_g1	 NA
TR2233|c1_g1	 NA
TR22340|c1_g2	 NA
TR22342|c12_g1	 NA
TR22342|c26_g1	 NA
TR22342|c4_g1	 PF15412.3,Nse4-Nse3_bdg;PF08743.7,Nse4_C
TR22342|c6_g1	 NA
TR22343|c0_g1	 PF12796.4,Ank_2;PF13637.3,Ank_4
TR22346|c0_g1	 NA
TR22346|c1_g1	 PF00400.29,WD40;PF00400.29,WD40;PF00400.29,WD40
TR22347|c10_g1	 PF00153.24,Mito_carr
TR22347|c11_g1	 NA
TR22347|c12_g1	 NA
TR22347|c14_g1	 NA
TR22347|c17_g1	 NA
TR22347|c1_g2	 NA
TR22347|c5_g1	 NA
TR22347|c7_g1	 NA
TR22347|c9_g1	 PF08704.7,GCD14
TR22347|c9_g2	 NA
TR2234|c0_g1	 PF00665.23,rve
TR2234|c0_g3	 NA
TR22350|c0_g1	 NA
TR22354|c0_g1	 NA
TR22354|c0_g2	 PF00665.23,rve;PF00078.24,RVT_1;PF09337.7,zf-H2C2
TR22355|c0_g1	 PF00044.21,Gp_dh_N;PF02800.17,Gp_dh_C
TR22355|c0_g2	 NA
TR22356|c0_g1	 PF00211.17,Guanylate_cyc
TR22356|c0_g2	 PF00211.17,Guanylate_cyc;PF00211.17,Guanylate_cyc;PF13191.3,AAA_16
TR22358|c3_g1	 NA
TR2235|c0_g1	 NA
TR2235|c1_g2	 NA
TR2235|c5_g1	 NA
TR2235|c8_g1	 NA
TR22360|c0_g1	 PF01529.17,zf-DHHC
TR22360|c0_g2	 PF01529.17,zf-DHHC
TR22360|c1_g1	 NA
TR22366|c0_g2	 NA
TR2236|c0_g2	 PF00041.18,fn3
TR2236|c10_g1	 NA
TR2236|c13_g1	 NA
TR2236|c2_g1	 PF13927.3,Ig_3;PF07679.13,I-set;PF13927.3,Ig_3
TR2236|c8_g1	 PF13927.3,Ig_3
TR22372|c0_g1	 NA
TR22373|c2_g1	 NA
TR22379|c0_g1	 PF12813.4,XPG_I_2
TR2237|c1_g1	 PF15236.3,CCDC66
TR2237|c2_g1	 NA
TR2237|c7_g1	 NA
TR22380|c0_g1	 PF00505.16,HMG_box
TR22380|c0_g2	 PF00505.16,HMG_box
TR22381|c0_g1	 NA
TR22384|c0_g1	 PF03221.13,HTH_Tnp_Tc5;PF03184.16,DDE_1
TR22384|c1_g1	 NA
TR22385|c1_g1	 PF12796.4,Ank_2;PF12796.4,Ank_2
TR22388|c0_g1	 PF15454.3,LAMTOR
TR22388|c0_g2	 PF15454.3,LAMTOR
TR22392|c0_g1	 PF02845.13,CUE
TR22392|c0_g2	 PF02845.13,CUE
TR22393|c0_g1	 NA
TR22396|c0_g1	 NA
TR22397|c0_g1	 PF07690.13,MFS_1
TR22397|c0_g2	 PF07690.13,MFS_1
TR22397|c1_g1	 NA
TR22400|c0_g1	 PF00069.22,Pkinase
TR22403|c1_g1	 NA
TR22406|c0_g1	 NA
TR22406|c0_g2	 PF16332.2,DUF4962;PF00685.24,Sulfotransfer_1
TR2240|c1_g4	 PF14868.3,DUF4487
TR22410|c0_g1	 PF14780.3,DUF4477
TR22418|c0_g1	 NA
TR2241|c5_g1	 NA
TR2241|c5_g2	 NA
TR22424|c0_g1	 NA
TR22426|c0_g2	 NA
TR22436|c0_g1	 NA
TR22436|c1_g1	 PF07714.14,Pkinase_Tyr
TR22441|c0_g2	 NA
TR22447|c1_g1	 PF00504.18,Chloroa_b-bind
TR22451|c0_g1	 NA
TR22454|c0_g1	 NA
TR22459|c1_g1	 NA
TR22467|c0_g1	 NA
TR22467|c1_g1	 NA
TR22481|c0_g1	 NA
TR22511|c0_g1	 NA
TR22513|c0_g1	 NA
TR22530|c0_g1	 NA
TR22538|c0_g1	 PF13676.3,TIR_2
TR22557|c0_g1	 NA
TR2256|c0_g1	 NA
TR22572|c0_g1	 NA
TR22581|c0_g2	 NA
TR22588|c1_g1	 NA
TR22632|c0_g1	 PF00106.22,adh_short
TR22647|c0_g2	 NA
TR22651|c0_g1	 NA
TR22654|c0_g1	 PF00069.22,Pkinase;PF01344.22,Kelch_1
TR22662|c0_g1	 PF00686.16,CBM_20
TR22675|c0_g1	 PF07714.14,Pkinase_Tyr
TR22683|c0_g1	 NA
TR22694|c0_g1	 NA
TR226|c0_g1	 PF13843.3,DDE_Tnp_1_7
TR226|c0_g2	 NA
TR22702|c0_g1	 NA
TR22703|c0_g1	 NA
TR22717|c0_g1	 NA
TR22729|c0_g1	 NA
TR22744|c0_g1	 NA
TR22796|c0_g1	 NA
TR22803|c0_g2	 PF09451.7,ATG27
TR22808|c0_g1	 NA
TR22813|c0_g1	 PF05603.9,DUF775
TR22813|c0_g2	 NA
TR22815|c0_g1	 PF04573.9,SPC22
TR22819|c0_g1	 NA
TR22827|c0_g1	 PF01582.17,TIR
TR22829|c10_g1	 NA
TR22829|c1_g3	 NA
TR22829|c3_g1	 NA
TR22829|c6_g1	 NA
TR22829|c9_g1	 NA
TR22830|c4_g1	 NA
TR22831|c0_g1	 NA
TR22831|c1_g1	 NA
TR22831|c3_g1	 NA
TR22833|c0_g2	 PF03567.11,Sulfotransfer_2
TR22833|c0_g3	 PF03567.11,Sulfotransfer_2
TR22834|c1_g1	 NA
TR22835|c0_g2	 NA
TR22835|c2_g1	 NA
TR22836|c0_g1	 NA
TR22836|c0_g2	 PF13540.3,RCC1_2;PF00415.15,RCC1
TR22837|c2_g1	 NA
TR22838|c0_g2	 PF00617.16,RasGEF
TR22839|c0_g1	 PF14580.3,LRR_9
TR22842|c0_g1	 PF03016.12,Exostosin;PF09258.7,Glyco_transf_64
TR22848|c1_g1	 NA
TR22850|c0_g2	 NA
TR22850|c2_g1	 NA
TR22850|c3_g1	 NA
TR22850|c4_g1	 NA
TR22852|c0_g2	 PF12265.5,CAF1C_H4-bd
TR22852|c1_g1	 PF00400.29,WD40;PF00400.29,WD40;PF00400.29,WD40;PF00400.29,WD40
TR22853|c1_g1	 NA
TR22853|c2_g2	 NA
TR22855|c0_g1	 NA
TR22856|c0_g1	 NA
TR22857|c1_g1	 NA
TR22858|c2_g1	 PF00293.25,NUDIX
TR22858|c2_g2	 PF00293.25,NUDIX
TR22858|c2_g3	 NA
TR22858|c2_g4	 PF00293.25,NUDIX
TR22859|c0_g2	 NA
TR22862|c0_g1	 NA
TR22862|c1_g1	 NA
TR22862|c1_g2	 NA
TR22864|c0_g1	 NA
TR22865|c1_g1	 PF00225.20,Kinesin
TR22866|c0_g1	 PF00621.17,RhoGEF;PF15405.3,PH_5
TR22867|c0_g1	 NA
TR22868|c0_g1	 NA
TR22869|c0_g2	 PF00057.15,Ldl_recept_a;PF00057.15,Ldl_recept_a;PF00057.15,Ldl_recept_a;PF00057.15,Ldl_recept_a;PF00057.15,Ldl_recept_a;PF00057.15,Ldl_recept_a;PF00057.15,Ldl_recept_a;PF07645.12,EGF_CA;PF00058.14,Ldl_recept_b;PF00058.14,Ldl_recept_b;PF00057.15,Ldl_recept_a;PF00057.15,Ldl_recept_a;PF00057.15,Ldl_recept_a;PF00057.15,Ldl_recept_a;PF00057.15,Ldl_recept_a;PF00057.15,Ldl_recept_a;PF00057.15,Ldl_recept_a;PF00057.15,Ldl_recept_a;PF12662.4,cEGF;PF00057.15,Ldl_recept_a;PF00057.15,Ldl_recept_a;PF00057.15,Ldl_recept_a;PF00057.15,Ldl_recept_a;PF00057.15,Ldl_recept_a;PF14670.3,FXa_inhibition;PF07645.12,EGF_CA
TR22869|c1_g1	 NA
TR22869|c1_g2	 NA
TR22869|c2_g1	 NA
TR22870|c0_g1	 PF00375.15,SDF
TR22870|c0_g2	 PF00375.15,SDF
TR22870|c1_g1	 NA
TR22870|c3_g1	 NA
TR22871|c0_g1	 NA
TR22871|c1_g1	 NA
TR22872|c2_g1	 NA
TR22873|c0_g1	 PF15459.3,RRP14;PF04935.9,SURF6
TR22874|c1_g1	 PF00240.20,ubiquitin;PF00240.20,ubiquitin;PF01485.18,IBR
TR22874|c1_g2	 NA
TR22875|c0_g2	 NA
TR22875|c1_g2	 NA
TR22875|c2_g2	 PF02889.13,Sec63
TR22875|c2_g3	 PF00270.26,DEAD;PF00271.28,Helicase_C;PF02889.13,Sec63;PF00270.26,DEAD;PF00271.28,Helicase_C;PF02889.13,Sec63
TR22876|c0_g1	 PF13489.3,Methyltransf_23
TR22876|c1_g1	 PF06733.12,DEAD_2;PF13307.3,Helicase_C_2
TR22877|c0_g1	 NA
TR22878|c11_g1	 NA
TR22878|c14_g1	 NA
TR22878|c16_g1	 PF13358.3,DDE_3
TR22878|c22_g1	 NA
TR22878|c26_g1	 NA
TR22878|c2_g1	 NA
TR22879|c0_g1	 NA
TR22879|c0_g2	 PF05990.9,DUF900
TR22879|c0_g3	 NA
TR22880|c1_g2	 PF06456.10,Arfaptin
TR22880|c3_g1	 NA
TR22881|c1_g1	 NA
TR22883|c0_g1	 PF00400.29,WD40
TR22883|c0_g3	 NA
TR22883|c0_g4	 NA
TR22883|c1_g3	 PF06839.9,zf-GRF
TR22885|c1_g1	 NA
TR22885|c2_g1	 NA
TR22885|c3_g2	 NA
TR22885|c4_g1	 NA
TR22886|c0_g1	 PF05729.9,NACHT;PF13516.3,LRR_6;PF13516.3,LRR_6;PF13516.3,LRR_6;PF13516.3,LRR_6
TR22887|c0_g1	 PF00557.21,Peptidase_M24
TR22891|c0_g1	 PF00066.14,Notch;PF00066.14,Notch;PF06464.8,DMAP_binding;PF17101.2,Stealth_CR1;PF17102.2,Stealth_CR3;PF00036.29,EF-hand_1;PF17103.2,Stealth_CR4
TR22892|c0_g2	 PF03144.22,GTP_EFTU_D2;PF09173.8,eIF2_C
TR22892|c1_g1	 NA
TR22893|c0_g1	 NA
TR22893|c1_g2	 PF04577.11,DUF563
TR22893|c2_g1	 NA
TR22894|c0_g1	 NA
TR22895|c0_g1	 NA
TR22896|c1_g1	 NA
TR228|c0_g2	 PF00250.15,Forkhead
TR228|c0_g3	 PF00250.15,Forkhead
TR22900|c0_g1	 PF10154.6,DUF2362
TR22900|c0_g2	 PF10154.6,DUF2362
TR22901|c0_g1	 PF07970.9,COPIIcoated_ERV
TR22901|c0_g2	 NA
TR22905|c0_g1	 PF15335.3,CAAP1
TR22905|c1_g1	 PF00884.20,Sulfatase;PF16347.2,DUF4976
TR22906|c0_g1	 PF00069.22,Pkinase
TR22907|c0_g1	 NA
TR22907|c3_g1	 NA
TR22907|c4_g1	 NA
TR22907|c4_g2	 NA
TR22909|c0_g1	 PF00294.21,PfkB
TR22909|c0_g2	 PF00294.21,PfkB
TR22910|c0_g1	 NA
TR22911|c0_g2	 PF13649.3,Methyltransf_25
TR22911|c0_g3	 NA
TR22913|c2_g1	 NA
TR22913|c2_g2	 NA
TR22914|c1_g1	 NA
TR22914|c2_g1	 NA
TR22914|c6_g1	 NA
TR22917|c2_g1	 PF05577.9,Peptidase_S28
TR22918|c0_g1	 NA
TR2291|c0_g1	 NA
TR22920|c0_g1	 PF00485.15,PRK
TR22921|c0_g1	 NA
TR22923|c4_g1	 NA
TR22925|c0_g1	 NA
TR22925|c5_g1	 PF13520.3,AA_permease_2
TR22925|c9_g1	 NA
TR22929|c0_g1	 NA
TR22945|c0_g1	 NA
TR22952|c0_g1	 NA
TR22986|c0_g1	 NA
TR23026|c0_g1	 NA
TR2302|c0_g1	 NA
TR2305|c0_g1	 NA
TR23063|c0_g2	 NA
TR23067|c0_g1	 NA
TR23069|c0_g1	 PF12710.4,HAD
TR2306|c0_g1	 PF02902.16,Peptidase_C48
TR23076|c0_g1	 NA
TR23078|c0_g1	 PF08790.8,zf-LYAR
TR23078|c0_g2	 NA
TR23081|c0_g1	 NA
TR23089|c0_g1	 NA
TR2309|c0_g1	 NA
TR23101|c1_g1	 NA
TR23107|c0_g1	 NA
TR23117|c0_g2	 NA
TR2312|c0_g1	 NA
TR23133|c0_g1	 NA
TR23164|c1_g1	 NA
TR23166|c0_g1	 NA
TR23182|c0_g1	 NA
TR23185|c0_g1	 NA
TR23189|c0_g1	 NA
TR23191|c0_g1	 NA
TR23196|c0_g1	 NA
TR231|c2_g1	 NA
TR23201|c0_g1	 PF00788.20,RA
TR23201|c1_g1	 NA
TR23205|c0_g1	 NA
TR23208|c0_g1	 NA
TR23209|c0_g2	 NA
TR23210|c0_g1	 NA
TR23211|c0_g1	 NA
TR23211|c2_g1	 PF01602.17,Adaptin_N;PF08752.7,COP-gamma_platf;PF16381.2,Coatomer_g_Cpla
TR23214|c0_g1	 NA
TR23214|c0_g2	 PF12851.4,Tet_JBP;PF12851.4,Tet_JBP
TR23214|c0_g3	 PF12851.4,Tet_JBP;PF12851.4,Tet_JBP
TR23215|c0_g1	 PF09298.8,FAA_hydrolase_N;PF01557.15,FAA_hydrolase
TR23215|c0_g2	 NA
TR23217|c0_g1	 PF00076.19,RRM_1;PF00076.19,RRM_1
TR23217|c0_g2	 NA
TR2321|c0_g1	 PF00111.24,Fer2
TR23221|c0_g2	 NA
TR23222|c0_g1	 PF00664.20,ABC_membrane;PF00005.24,ABC_tran
TR23222|c1_g2	 PF01255.16,Prenyltransf
TR23227|c0_g1	 PF09767.6,DUF2053
TR2322|c0_g1	 NA
TR23230|c0_g2	 NA
TR23234|c0_g1	 PF00531.19,Death;PF00656.19,Peptidase_C14
TR23234|c0_g2	 NA
TR23234|c2_g1	 PF05729.9,NACHT
TR23237|c0_g1	 NA
TR23238|c0_g1	 PF04949.10,Transcrip_act
TR23238|c0_g4	 NA
TR23240|c0_g1	 NA
TR23243|c0_g1	 NA
TR23247|c0_g1	 PF00069.22,Pkinase;PF04548.13,AIG1
TR23248|c0_g1	 NA
TR23250|c0_g1	 PF01990.14,ATP-synt_F
TR23251|c0_g1	 NA
TR23257|c1_g2	 NA
TR23258|c0_g1	 NA
TR23264|c0_g1	 PF03357.18,Snf7
TR23265|c1_g1	 PF02469.19,Fasciclin;PF02469.19,Fasciclin
TR23265|c1_g2	 PF02469.19,Fasciclin
TR23266|c1_g1	 NA
TR23268|c0_g1	 PF04181.10,RPAP2_Rtr1
TR23268|c0_g2	 PF04181.10,RPAP2_Rtr1
TR23269|c1_g1	 PF05729.9,NACHT;PF13516.3,LRR_6
TR23269|c2_g1	 NA
TR23271|c0_g2	 NA
TR23271|c1_g1	 NA
TR23273|c0_g1	 NA
TR23275|c0_g1	 NA
TR23276|c7_g1	 NA
TR23276|c8_g1	 NA
TR23276|c9_g1	 NA
TR23280|c0_g1	 NA
TR23281|c0_g2	 NA
TR23281|c2_g1	 NA
TR23283|c0_g1	 PF00432.18,Prenyltrans;PF00432.18,Prenyltrans;PF00432.18,Prenyltrans;PF00432.18,Prenyltrans;PF00432.18,Prenyltrans
TR23285|c1_g1	 NA
TR23286|c0_g2	 NA
TR23287|c0_g1	 NA
TR23288|c0_g1	 NA
TR23288|c1_g1	 NA
TR23289|c4_g1	 NA
TR23293|c0_g1	 PF00628.26,PHD;PF02373.19,JmjC
TR23295|c0_g1	 NA
TR23296|c0_g1	 NA
TR23299|c0_g1	 PF04148.10,Erv26
TR23300|c0_g1	 NA
TR23303|c0_g1	 PF00135.25,COesterase
TR23303|c1_g1	 PF00135.25,COesterase
TR23304|c0_g3	 NA
TR23304|c0_g4	 PF12894.4,ANAPC4_WD40;PF00415.15,RCC1;PF00415.15,RCC1;PF00415.15,RCC1;PF00415.15,RCC1;PF00415.15,RCC1;PF00632.22,HECT
TR23305|c0_g1	 PF00225.20,Kinesin
TR23305|c0_g2	 PF00225.20,Kinesin
TR23306|c2_g1	 PF07810.10,TMC
TR23306|c2_g2	 PF07810.10,TMC
TR23306|c3_g1	 NA
TR23307|c1_g1	 PF02786.14,CPSase_L_D2;PF02785.16,Biotin_carb_C
TR23307|c1_g2	 PF00364.19,Biotin_lipoyl
TR23307|c1_g3	 PF00289.19,Biotin_carb_N;PF02786.14,CPSase_L_D2
TR23308|c0_g2	 NA
TR23308|c0_g3	 NA
TR23308|c0_g4	 PF00047.22,ig
TR23309|c0_g1	 PF12796.4,Ank_2;PF12796.4,Ank_2
TR23309|c1_g1	 NA
TR23309|c2_g1	 NA
TR23309|c4_g1	 NA
TR23311|c0_g1	 PF09758.6,FPL
TR23312|c0_g1	 PF00069.22,Pkinase
TR23312|c0_g3	 PF00069.22,Pkinase
TR23312|c2_g1	 PF00173.25,Cyt-b5
TR23313|c0_g1	 NA
TR23313|c3_g1	 NA
TR23313|c4_g1	 NA
TR23313|c4_g3	 NA
TR23314|c1_g1	 NA
TR23314|c1_g2	 PF07993.9,NAD_binding_4;PF03015.16,Sterile
TR23314|c2_g1	 PF04922.9,DIE2_ALG10
TR23316|c0_g2	 PF04733.11,Coatomer_E
TR23316|c1_g1	 NA
TR23317|c1_g1	 PF01073.16,3Beta_HSD
TR23317|c2_g1	 PF01086.14,Clathrin_lg_ch
TR23317|c3_g1	 PF13679.3,Methyltransf_32
TR23317|c4_g1	 PF10354.6,DUF2431
TR23318|c0_g1	 PF00630.16,Filamin;PF01436.18,NHL
TR23318|c1_g1	 NA
TR23319|c10_g1	 NA
TR23319|c13_g1	 NA
TR23319|c21_g1	 NA
TR23319|c2_g1	 NA
TR23319|c6_g1	 NA
TR23320|c10_g1	 NA
TR23320|c2_g1	 PF00150.15,Cellulase
TR23320|c2_g2	 PF00150.15,Cellulase
TR23320|c6_g1	 NA
TR23320|c7_g2	 NA
TR23320|c8_g1	 NA
TR23320|c9_g1	 NA
TR23321|c0_g1	 PF02194.12,PXA;PF00787.21,PX
TR23321|c0_g3	 PF08628.9,Nexin_C
TR23323|c14_g1	 PF03564.12,DUF1759
TR23323|c1_g1	 NA
TR23323|c6_g1	 NA
TR23323|c8_g1	 NA
TR23323|c8_g2	 NA
TR23325|c2_g1	 NA
TR23326|c0_g1	 NA
TR23327|c0_g1	 PF00630.16,Filamin
TR23327|c11_g2	 NA
TR23327|c11_g3	 NA
TR23327|c11_g6	 NA
TR23327|c13_g1	 NA
TR23327|c3_g2	 PF00097.22,zf-C3HC4;PF00643.21,zf-B_box
TR23327|c7_g1	 NA
TR23327|c8_g1	 NA
TR23328|c1_g1	 NA
TR23329|c11_g2	 NA
TR23329|c13_g1	 PF00339.26,Arrestin_N;PF02752.19,Arrestin_C
TR23329|c1_g2	 NA
TR23329|c2_g1	 NA
TR23329|c5_g1	 NA
TR23329|c8_g1	 NA
TR23330|c2_g1	 NA
TR23330|c2_g3	 NA
TR23330|c3_g2	 PF00069.22,Pkinase
TR23331|c1_g1	 PF00076.19,RRM_1
TR23332|c2_g1	 NA
TR23332|c2_g2	 NA
TR23334|c10_g1	 NA
TR23334|c12_g2	 NA
TR23334|c4_g1	 NA
TR23334|c8_g1	 NA
TR23335|c1_g2	 NA
TR23338|c3_g1	 PF04906.10,Tweety
TR23338|c3_g2	 NA
TR2333|c0_g2	 NA
TR23340|c2_g2	 PF00083.21,Sugar_tr
TR23340|c3_g1	 PF00083.21,Sugar_tr
TR23340|c3_g2	 PF00083.21,Sugar_tr
TR23341|c10_g5	 PF02171.14,Piwi
TR23341|c11_g1	 NA
TR23341|c14_g1	 NA
TR23341|c1_g2	 NA
TR23341|c2_g1	 NA
TR23341|c6_g1	 NA
TR23341|c8_g1	 NA
TR23343|c18_g1	 NA
TR23343|c2_g1	 NA
TR23343|c3_g2	 NA
TR23343|c4_g2	 NA
TR23343|c5_g2	 NA
TR23343|c6_g1	 NA
TR23343|c6_g3	 PF00005.24,ABC_tran
TR23343|c6_g4	 PF00664.20,ABC_membrane
TR23343|c7_g1	 NA
TR23344|c1_g1	 PF08007.9,Cupin_4
TR23344|c2_g2	 PF12755.4,Vac14_Fab1_bd
TR23344|c6_g1	 PF01344.22,Kelch_1;PF01344.22,Kelch_1
TR23346|c0_g2	 PF00933.18,Glyco_hydro_3;PF01915.19,Glyco_hydro_3_C;PF14310.3,Fn3-like
TR23346|c1_g1	 PF00046.26,Homeobox
TR23346|c1_g2	 PF00153.24,Mito_carr;PF00153.24,Mito_carr;PF00153.24,Mito_carr
TR23346|c2_g1	 NA
TR23348|c0_g1	 PF07443.10,HARP;PF00176.20,SNF2_N;PF00271.28,Helicase_C
TR23352|c0_g2	 NA
TR23352|c3_g1	 NA
TR23352|c3_g2	 NA
TR23353|c2_g1	 NA
TR23353|c2_g2	 NA
TR23353|c2_g3	 NA
TR23353|c2_g6	 PF00082.19,Peptidase_S8
TR23353|c4_g1	 NA
TR23355|c1_g1	 NA
TR23357|c0_g2	 NA
TR23357|c0_g3	 NA
TR23358|c0_g2	 PF08799.8,PRP4;PF00400.29,WD40;PF00400.29,WD40
TR23360|c0_g1	 NA
TR23360|c1_g1	 PF09335.8,SNARE_assoc
TR23360|c1_g2	 NA
TR23361|c1_g2	 PF14570.3,zf-RING_4;PF00076.19,RRM_1
TR23362|c1_g1	 PF01416.17,PseudoU_synth_1
TR23363|c0_g2	 PF07719.14,TPR_2;PF00515.25,TPR_1;PF13181.3,TPR_8
TR23364|c1_g1	 NA
TR23364|c2_g1	 NA
TR23364|c2_g2	 NA
TR23364|c3_g1	 NA
TR23364|c5_g1	 NA
TR23366|c0_g1	 NA
TR23366|c0_g2	 NA
TR23367|c0_g1	 NA
TR23367|c10_g1	 PF00536.27,SAM_1
TR23367|c11_g2	 PF07700.12,HNOB;PF07701.11,HNOBA;PF00211.17,Guanylate_cyc;PF12736.4,CABIT
TR23367|c12_g2	 PF13445.3,zf-RING_UBOX;PF00643.21,zf-B_box;PF01436.18,NHL;PF01436.18,NHL;PF01436.18,NHL;PF01436.18,NHL
TR23367|c19_g1	 NA
TR23367|c3_g2	 NA
TR23367|c5_g1	 NA
TR23368|c4_g1	 NA
TR23368|c5_g1	 NA
TR23369|c1_g1	 NA
TR2336|c0_g2	 PF02176.15,zf-TRAF;PF02176.15,zf-TRAF
TR2336|c0_g3	 NA
TR23371|c0_g1	 NA
TR23371|c0_g2	 NA
TR23371|c2_g1	 NA
TR23374|c11_g1	 PF13516.3,LRR_6;PF13516.3,LRR_6;PF13516.3,LRR_6;PF13516.3,LRR_6
TR23374|c1_g1	 PF13516.3,LRR_6;PF13516.3,LRR_6;PF13516.3,LRR_6
TR23374|c4_g1	 NA
TR23374|c5_g1	 NA
TR23374|c5_g2	 PF05729.9,NACHT
TR23374|c6_g1	 PF13359.3,DDE_Tnp_4
TR23374|c7_g1	 PF13516.3,LRR_6;PF13516.3,LRR_6;PF13516.3,LRR_6;PF13516.3,LRR_6;PF13516.3,LRR_6
TR23374|c9_g2	 PF13516.3,LRR_6;PF13516.3,LRR_6
TR23374|c9_g3	 PF13516.3,LRR_6;PF13516.3,LRR_6;PF13516.3,LRR_6;PF13516.3,LRR_6;PF13516.3,LRR_6
TR23375|c1_g1	 PF02096.17,60KD_IMP
TR23375|c2_g1	 NA
TR23375|c2_g4	 NA
TR23376|c0_g1	 NA
TR23376|c12_g2	 NA
TR23376|c13_g3	 NA
TR23376|c14_g2	 NA
TR23376|c15_g1	 NA
TR23376|c21_g1	 NA
TR23376|c27_g1	 NA
TR23376|c28_g1	 NA
TR23376|c2_g1	 NA
TR23376|c5_g1	 PF00481.18,PP2C
TR23377|c0_g1	 NA
TR23379|c12_g1	 NA
TR23379|c4_g2	 NA
TR23379|c4_g3	 NA
TR23379|c4_g4	 NA
TR23379|c6_g1	 NA
TR23379|c6_g3	 NA
TR23379|c6_g4	 NA
TR23379|c7_g2	 NA
TR23379|c7_g3	 PF00431.17,CUB
TR23379|c7_g4	 NA
TR23380|c1_g1	 PF09379.7,FERM_N;PF00373.15,FERM_M;PF09380.7,FERM_C;PF00102.24,Y_phosphatase
TR23381|c0_g1	 PF14244.3,Retrotran_gag_3;PF14223.3,Retrotran_gag_2;PF00098.20,zf-CCHC;PF13976.3,gag_pre-integrs
TR23381|c1_g1	 PF00665.23,rve
TR23383|c0_g1	 PF01400.21,Astacin
TR23383|c0_g2	 PF01400.21,Astacin
TR23384|c2_g1	 NA
TR23385|c1_g2	 NA
TR23385|c1_g3	 PF06119.11,NIDO;PF03782.14,AMOP;PF00094.22,VWD
TR23385|c3_g1	 NA
TR23386|c2_g1	 NA
TR23387|c2_g1	 NA
TR23387|c2_g2	 NA
TR23387|c6_g1	 NA
TR23388|c0_g1	 NA
TR23388|c6_g1	 NA
TR23389|c3_g1	 NA
TR23389|c5_g1	 NA
TR23389|c8_g1	 NA
TR2338|c0_g2	 NA
TR2338|c1_g1	 NA
TR23390|c0_g1	 NA
TR23390|c3_g1	 NA
TR23390|c5_g1	 NA
TR23390|c6_g1	 NA
TR23390|c8_g1	 NA
TR23391|c14_g1	 NA
TR23391|c1_g2	 NA
TR23391|c3_g2	 NA
TR23391|c3_g3	 PF00293.25,NUDIX
TR23391|c5_g1	 NA
TR23391|c8_g1	 PF03820.14,Mtc
TR23391|c8_g2	 PF03820.14,Mtc
TR23391|c9_g1	 PF07818.10,HCNGP
TR23393|c10_g1	 PF00076.19,RRM_1;PF00076.19,RRM_1;PF07744.10,SPOC;PF00076.19,RRM_1
TR23393|c15_g1	 NA
TR23393|c17_g1	 NA
TR23393|c18_g1	 NA
TR23393|c1_g1	 NA
TR23393|c2_g1	 NA
TR23393|c3_g2	 NA
TR23393|c6_g1	 PF14604.3,SH3_9;PF00017.21,SH2;PF07714.14,Pkinase_Tyr
TR23393|c9_g2	 PF06432.8,GPI2
TR23394|c0_g1	 NA
TR23395|c4_g1	 PF00707.19,IF3_C
TR23395|c5_g1	 PF04389.14,Peptidase_M28
TR23396|c0_g1	 PF01428.13,zf-AN1;PF01428.13,zf-AN1;PF02809.17,UIM;PF02809.17,UIM
TR23396|c1_g1	 PF00641.15,zf-RanBP;PF00641.15,zf-RanBP;PF00648.18,Peptidase_C2
TR23396|c1_g3	 NA
TR23399|c0_g2	 NA
TR23400|c1_g2	 NA
TR23400|c2_g1	 NA
TR23400|c2_g2	 NA
TR23400|c8_g1	 NA
TR23401|c0_g1	 NA
TR23401|c1_g1	 NA
TR23401|c2_g2	 NA
TR23408|c1_g1	 NA
TR2340|c1_g1	 NA
TR2340|c2_g1	 NA
TR23413|c0_g1	 NA
TR23417|c1_g1	 NA
TR23418|c0_g1	 NA
TR2341|c0_g1	 NA
TR23421|c0_g1	 NA
TR23421|c1_g1	 NA
TR23423|c0_g1	 NA
TR23432|c1_g1	 NA
TR23437|c0_g1	 NA
TR2343|c1_g1	 PF00071.19,Ras
TR2344|c0_g2	 PF14724.3,mit_SMPDase;PF14724.3,mit_SMPDase
TR2344|c1_g1	 NA
TR2345|c0_g1	 PF03637.14,Mob1_phocein
TR2345|c1_g1	 NA
TR2345|c2_g1	 NA
TR23470|c0_g2	 PF13516.3,LRR_6;PF13516.3,LRR_6
TR23472|c0_g1	 PF00852.16,Glyco_transf_10
TR2349|c1_g1	 PF00044.21,Gp_dh_N;PF02800.17,Gp_dh_C
TR23520|c0_g1	 NA
TR2353|c1_g1	 PF00102.24,Y_phosphatase
TR23548|c0_g1	 PF04110.10,APG12
TR23550|c0_g1	 NA
TR2355|c0_g2	 NA
TR2356|c0_g1	 NA
TR2357|c0_g2	 NA
TR2357|c1_g1	 NA
TR2357|c2_g1	 NA
TR2357|c2_g2	 PF07653.14,SH3_2;PF00018.25,SH3_1
TR2357|c2_g3	 PF07653.14,SH3_2;PF00018.25,SH3_1
TR23580|c0_g1	 NA
TR23581|c0_g1	 NA
TR23588|c0_g1	 NA
TR2358|c1_g1	 NA
TR23595|c0_g1	 NA
TR23596|c0_g1	 NA
TR23607|c0_g1	 NA
TR2360|c0_g1	 PF00085.17,Thioredoxin;PF13848.3,Thioredoxin_6;PF00085.17,Thioredoxin
TR23612|c0_g1	 NA
TR23613|c0_g1	 NA
TR23618|c0_g1	 PF00530.15,SRCR
TR2361|c1_g1	 NA
TR23667|c0_g1	 PF12796.4,Ank_2;PF12796.4,Ank_2
TR23670|c2_g1	 NA
TR23671|c2_g1	 NA
TR23672|c1_g1	 PF00574.20,CLP_protease
TR23672|c3_g1	 NA
TR23675|c0_g1	 NA
TR23675|c1_g1	 NA
TR23678|c0_g1	 NA
TR23679|c0_g1	 PF13857.3,Ank_5;PF12796.4,Ank_2;PF02838.12,Glyco_hydro_20b;PF00728.19,Glyco_hydro_20
TR23687|c0_g1	 PF00071.19,Ras
TR2368|c0_g1	 PF13774.3,Longin;PF00957.18,Synaptobrevin
TR23690|c2_g1	 NA
TR23692|c0_g1	 NA
TR23698|c4_g1	 PF04614.9,Pex19
TR23699|c0_g1	 PF13894.3,zf-C2H2_4;PF00096.23,zf-C2H2
TR236|c0_g1	 NA
TR236|c1_g1	 NA
TR23702|c0_g1	 NA
TR23703|c0_g1	 NA
TR23710|c2_g1	 NA
TR23712|c1_g1	 NA
TR23715|c0_g1	 PF08719.8,DUF1768
TR23720|c0_g2	 NA
TR23721|c1_g1	 PF00400.29,WD40;PF00400.29,WD40;PF00400.29,WD40;PF00400.29,WD40;PF00400.29,WD40;PF00400.29,WD40;PF13925.3,Katanin_con80
TR23722|c2_g1	 NA
TR23724|c0_g1	 PF01490.15,Aa_trans
TR23726|c1_g1	 NA
TR23727|c0_g1	 NA
TR2372|c0_g1	 NA
TR2373|c0_g2	 PF03128.11,CXCXC;PF03128.11,CXCXC
TR23742|c0_g1	 PF00856.25,SET
TR23743|c0_g1	 PF05004.10,IFRD;PF04836.9,IFRD_C
TR23746|c0_g2	 PF00240.20,ubiquitin
TR2374|c1_g1	 NA
TR23750|c0_g2	 NA
TR23753|c1_g1	 PF04153.15,NOT2_3_5
TR23756|c0_g2	 NA
TR2375|c0_g1	 NA
TR2376|c0_g1	 PF03160.11,Calx-beta;PF03160.11,Calx-beta;PF03160.11,Calx-beta;PF03160.11,Calx-beta;PF03160.11,Calx-beta;PF03160.11,Calx-beta
TR2376|c4_g1	 PF03160.11,Calx-beta;PF03160.11,Calx-beta
TR23778|c0_g1	 NA
TR2379|c0_g1	 PF01226.14,Form_Nir_trans
TR23802|c0_g1	 NA
TR2380|c0_g2	 NA
TR23817|c0_g1	 NA
TR23818|c0_g1	 NA
TR2381|c4_g1	 NA
TR23821|c0_g1	 PF00078.24,RVT_1
TR23830|c0_g1	 PF07727.11,RVT_2
TR23842|c0_g1	 NA
TR23844|c0_g1	 NA
TR23846|c0_g1	 NA
TR23855|c12_g1	 NA
TR23855|c13_g1	 NA
TR23855|c14_g1	 PF00651.28,BTB
TR23855|c16_g1	 NA
TR23855|c3_g1	 NA
TR23855|c3_g2	 NA
TR23855|c4_g2	 PF04548.13,AIG1
TR23855|c5_g1	 PF00651.28,BTB
TR23855|c6_g2	 NA
TR23856|c4_g1	 NA
TR23856|c5_g1	 PF00092.25,VWA
TR23857|c0_g2	 NA
TR23857|c10_g1	 NA
TR23857|c11_g1	 NA
TR23857|c1_g1	 NA
TR23857|c2_g1	 NA
TR23857|c2_g2	 NA
TR23857|c2_g3	 NA
TR23857|c6_g1	 NA
TR23858|c1_g1	 PF13637.3,Ank_4;PF12796.4,Ank_2;PF13637.3,Ank_4
TR23858|c1_g2	 PF16095.2,COR
TR23859|c13_g1	 NA
TR23859|c3_g2	 NA
TR23859|c4_g3	 NA
TR23859|c6_g3	 NA
TR23860|c1_g2	 NA
TR23860|c1_g4	 NA
TR23860|c5_g1	 NA
TR23860|c6_g2	 NA
TR23861|c2_g1	 NA
TR23861|c3_g1	 NA
TR23861|c3_g2	 PF00168.27,C2
TR23862|c0_g1	 NA
TR23862|c0_g2	 NA
TR23862|c1_g1	 NA
TR23862|c1_g2	 NA
TR23862|c1_g3	 NA
TR23863|c1_g1	 NA
TR23863|c6_g1	 NA
TR23863|c7_g1	 NA
TR23864|c1_g1	 NA
TR23864|c6_g1	 NA
TR23864|c6_g2	 NA
TR23864|c6_g5	 NA
TR23864|c8_g1	 NA
TR23865|c4_g1	 PF02146.14,SIR2;PF08603.8,CAP_C
TR23865|c5_g2	 NA
TR23865|c5_g3	 PF10650.6,zf-C3H1
TR23866|c16_g1	 NA
TR23866|c19_g1	 NA
TR23866|c3_g2	 NA
TR23866|c7_g1	 NA
TR23866|c9_g1	 NA
TR23867|c13_g1	 NA
TR23867|c19_g1	 NA
TR23867|c3_g2	 NA
TR23868|c0_g1	 NA
TR23868|c3_g1	 NA
TR23868|c6_g1	 NA
TR23869|c0_g1	 NA
TR23870|c0_g1	 PF01234.14,NNMT_PNMT_TEMT
TR23871|c3_g1	 NA
TR23871|c4_g1	 NA
TR23871|c6_g1	 NA
TR23871|c7_g1	 NA
TR23872|c10_g1	 NA
TR23872|c16_g1	 NA
TR23873|c4_g1	 PF00082.19,Peptidase_S8
TR23873|c6_g1	 NA
TR23874|c0_g1	 NA
TR23874|c1_g1	 NA
TR23874|c2_g1	 NA
TR23875|c1_g1	 NA
TR23875|c4_g1	 NA
TR23875|c7_g1	 NA
TR23876|c4_g1	 PF13927.3,Ig_3
TR23876|c4_g3	 NA
TR23876|c4_g4	 PF00047.22,ig
TR23877|c2_g1	 NA
TR23877|c3_g2	 NA
TR23879|c10_g1	 NA
TR23879|c2_g1	 NA
TR23879|c3_g2	 PF13898.3,DUF4205;PF13898.3,DUF4205
TR23879|c4_g1	 NA
TR23879|c6_g1	 NA
TR2387|c0_g1	 NA
TR23880|c0_g1	 NA
TR23880|c11_g1	 PF13516.3,LRR_6;PF13516.3,LRR_6;PF13516.3,LRR_6;PF13516.3,LRR_6;PF13516.3,LRR_6;PF13516.3,LRR_6;PF13516.3,LRR_6
TR23880|c12_g1	 NA
TR23880|c23_g1	 NA
TR23880|c24_g1	 NA
TR23880|c2_g2	 NA
TR23880|c7_g1	 NA
TR23881|c6_g1	 NA
TR23882|c5_g2	 PF13927.3,Ig_3;PF13927.3,Ig_3;PF16489.2,GAIN;PF01825.18,GPS
TR23882|c5_g3	 PF16489.2,GAIN;PF01825.18,GPS;PF00002.21,7tm_2
TR23882|c6_g2	 PF03160.11,Calx-beta;PF03160.11,Calx-beta;PF03160.11,Calx-beta;PF03160.11,Calx-beta;PF03160.11,Calx-beta
TR23882|c7_g1	 PF13927.3,Ig_3;PF13927.3,Ig_3
TR23882|c9_g1	 NA
TR23883|c0_g1	 NA
TR23883|c11_g1	 NA
TR23883|c4_g1	 NA
TR23883|c4_g2	 NA
TR23883|c4_g3	 PF00041.18,fn3;PF00041.18,fn3
TR23883|c6_g1	 NA
TR23884|c5_g1	 PF01094.25,ANF_receptor
TR23884|c5_g4	 NA
TR23885|c5_g1	 NA
TR23885|c5_g2	 NA
TR23885|c6_g1	 NA
TR23885|c6_g3	 NA
TR23885|c9_g1	 NA
TR23886|c2_g2	 NA
TR23886|c6_g1	 NA
TR23886|c7_g1	 NA
TR23887|c0_g1	 PF08241.9,Methyltransf_11
TR23887|c7_g1	 NA
TR23887|c7_g2	 NA
TR23887|c9_g1	 PF00155.18,Aminotran_1_2;PF00155.18,Aminotran_1_2
TR23888|c0_g1	 NA
TR23888|c1_g1	 PF00028.14,Cadherin;PF00028.14,Cadherin;PF00028.14,Cadherin
TR23888|c1_g6	 NA
TR23888|c2_g1	 NA
TR23889|c10_g1	 NA
TR23889|c11_g1	 NA
TR23889|c13_g1	 NA
TR23889|c17_g1	 NA
TR23889|c3_g1	 NA
TR23889|c5_g1	 NA
TR23889|c7_g1	 NA
TR23889|c8_g2	 NA
TR23890|c1_g3	 NA
TR23890|c1_g6	 NA
TR23890|c1_g7	 NA
TR23890|c1_g8	 NA
TR23890|c3_g1	 NA
TR23890|c4_g1	 NA
TR23891|c0_g1	 NA
TR23891|c2_g2	 NA
TR23892|c0_g2	 PF00595.21,PDZ;PF00595.21,PDZ;PF00595.21,PDZ;PF00595.21,PDZ;PF00595.21,PDZ
TR23892|c1_g1	 NA
TR23893|c3_g1	 NA
TR23894|c10_g2	 NA
TR23894|c3_g1	 NA
TR23894|c5_g1	 NA
TR23894|c7_g1	 NA
TR23894|c8_g1	 PF16095.2,COR
TR23894|c9_g1	 NA
TR23894|c9_g2	 NA
TR23895|c3_g1	 NA
TR23896|c0_g2	 NA
TR23896|c8_g1	 NA
TR23897|c2_g1	 NA
TR23897|c2_g2	 NA
TR23897|c3_g1	 NA
TR23897|c5_g1	 NA
TR23897|c6_g2	 NA
TR23897|c6_g3	 NA
TR23898|c10_g3	 NA
TR23898|c11_g1	 NA
TR23898|c11_g2	 NA
TR23898|c1_g1	 NA
TR23898|c21_g1	 NA
TR23898|c22_g1	 NA
TR23898|c28_g1	 NA
TR23898|c5_g1	 PF08153.9,NGP1NT;PF01926.20,MMR_HSR1
TR23898|c5_g2	 PF08153.9,NGP1NT
TR23898|c8_g1	 NA
TR23898|c9_g1	 PF00581.17,Rhodanese
TR23899|c11_g1	 NA
TR23899|c8_g2	 NA
TR23899|c9_g1	 NA
TR23899|c9_g2	 NA
TR23900|c5_g1	 PF01968.15,Hydantoinase_A;PF06032.9,DUF917
TR23900|c5_g2	 PF06032.9,DUF917
TR23900|c5_g3	 PF05378.10,Hydant_A_N
TR23900|c7_g1	 NA
TR23900|c8_g1	 NA
TR23901|c1_g1	 NA
TR23901|c2_g1	 NA
TR23902|c1_g1	 NA
TR23903|c0_g1	 NA
TR23903|c11_g1	 NA
TR23903|c5_g1	 NA
TR23903|c5_g2	 NA
TR23903|c6_g1	 NA
TR23904|c1_g1	 NA
TR23904|c3_g4	 NA
TR23904|c6_g1	 NA
TR23905|c0_g1	 NA
TR23905|c4_g2	 NA
TR23905|c5_g1	 NA
TR23905|c6_g1	 NA
TR23905|c7_g1	 NA
TR23906|c1_g2	 NA
TR23906|c4_g2	 NA
TR23907|c1_g1	 PF00530.15,SRCR
TR23907|c2_g2	 NA
TR23907|c3_g1	 PF00530.15,SRCR;PF00530.15,SRCR;PF00530.15,SRCR;PF00530.15,SRCR;PF00530.15,SRCR;PF00530.15,SRCR
TR23907|c3_g2	 PF00530.15,SRCR;PF00530.15,SRCR;PF00530.15,SRCR;PF00530.15,SRCR;PF00530.15,SRCR
TR23907|c3_g4	 NA
TR23907|c3_g6	 NA
TR23908|c3_g2	 PF16095.2,COR
TR23909|c16_g1	 NA
TR23909|c20_g1	 NA
TR23909|c26_g1	 NA
TR23909|c5_g2	 NA
TR23909|c7_g1	 PF04893.14,Yip1
TR23909|c8_g1	 PF01145.22,Band_7
TR2390|c0_g1	 PF01529.17,zf-DHHC
TR23910|c11_g1	 NA
TR23910|c12_g1	 NA
TR23910|c13_g1	 NA
TR23910|c14_g1	 NA
TR23910|c1_g1	 NA
TR23910|c2_g1	 NA
TR23910|c2_g2	 NA
TR23910|c7_g2	 NA
TR23911|c2_g2	 NA
TR23912|c1_g1	 NA
TR23912|c2_g4	 NA
TR23912|c2_g5	 NA
TR23912|c2_g6	 PF07645.12,EGF_CA;PF12662.4,cEGF;PF14670.3,FXa_inhibition;PF07645.12,EGF_CA
TR23912|c2_g7	 PF07645.12,EGF_CA;PF14670.3,FXa_inhibition;PF00084.17,Sushi
TR23912|c4_g1	 NA
TR23913|c15_g1	 NA
TR23913|c5_g1	 PF00071.19,Ras
TR23918|c4_g2	 NA
TR23918|c8_g1	 NA
TR23918|c9_g1	 NA
TR23919|c1_g1	 NA
TR23919|c3_g1	 NA
TR23919|c4_g2	 NA
TR23919|c4_g3	 NA
TR23919|c5_g1	 NA
TR23919|c5_g3	 NA
TR2391|c0_g1	 PF04116.10,FA_hydroxylase
TR2391|c1_g1	 NA
TR23920|c13_g1	 NA
TR23920|c4_g1	 NA
TR23920|c8_g1	 NA
TR23921|c11_g1	 NA
TR23921|c16_g1	 NA
TR23921|c3_g1	 NA
TR23922|c10_g1	 NA
TR23922|c12_g1	 PF00530.15,SRCR;PF00530.15,SRCR;PF00530.15,SRCR
TR23922|c13_g2	 PF00530.15,SRCR;PF00530.15,SRCR
TR23922|c13_g3	 PF00530.15,SRCR;PF00530.15,SRCR
TR23922|c13_g5	 NA
TR23922|c16_g1	 PF00530.15,SRCR;PF00530.15,SRCR
TR23922|c4_g1	 NA
TR23922|c9_g1	 PF00530.15,SRCR
TR23924|c0_g4	 PF07679.13,I-set;PF00041.18,fn3;PF00069.22,Pkinase
TR23924|c1_g1	 NA
TR23925|c0_g1	 NA
TR23925|c6_g2	 NA
TR23925|c6_g3	 PF00530.15,SRCR;PF00530.15,SRCR;PF00530.15,SRCR;PF00530.15,SRCR
TR23926|c10_g1	 NA
TR23926|c1_g1	 NA
TR23926|c2_g2	 NA
TR23926|c7_g1	 NA
TR23927|c4_g1	 PF13927.3,Ig_3;PF13927.3,Ig_3;PF13927.3,Ig_3
TR23927|c6_g1	 NA
TR23930|c10_g1	 NA
TR23930|c2_g2	 PF00531.19,Death
TR23930|c3_g3	 NA
TR23930|c3_g5	 NA
TR23930|c3_g8	 NA
TR23930|c7_g1	 NA
TR23931|c10_g1	 NA
TR23931|c13_g1	 NA
TR23931|c15_g1	 NA
TR23931|c17_g1	 NA
TR23931|c19_g1	 NA
TR23931|c6_g1	 NA
TR23931|c9_g1	 PF05461.8,ApoL
TR23932|c1_g1	 NA
TR23932|c2_g2	 PF00632.22,HECT
TR23932|c2_g3	 NA
TR23933|c2_g2	 PF00653.18,BIR
TR23933|c2_g4	 NA
TR23933|c2_g6	 NA
TR23934|c7_g1	 NA
TR23936|c1_g1	 NA
TR23937|c1_g2	 NA
TR23937|c2_g1	 PF01048.17,PNP_UDP_1
TR23937|c5_g1	 NA
TR23937|c5_g4	 PF05380.10,Peptidase_A17
TR23937|c7_g1	 NA
TR23938|c1_g2	 NA
TR23938|c2_g1	 NA
TR23938|c3_g1	 PF00078.24,RVT_1
TR23938|c3_g2	 NA
TR23938|c3_g3	 PF00098.20,zf-CCHC
TR23939|c1_g1	 NA
TR23939|c4_g1	 NA
TR2393|c0_g1	 NA
TR23940|c3_g1	 NA
TR23940|c4_g2	 NA
TR23940|c7_g1	 NA
TR23941|c2_g1	 NA
TR23941|c4_g1	 PF00757.17,Furin-like;PF01030.21,Recep_L_domain;PF14843.3,GF_recep_IV
TR23941|c4_g2	 PF07714.14,Pkinase_Tyr
TR23941|c6_g1	 NA
TR23942|c2_g1	 PF13927.3,Ig_3;PF13927.3,Ig_3;PF13927.3,Ig_3;PF13927.3,Ig_3;PF13927.3,Ig_3;PF00041.18,fn3;PF00041.18,fn3;PF00041.18,fn3;PF00041.18,fn3
TR23942|c2_g3	 PF00041.18,fn3
TR23942|c2_g4	 PF00102.24,Y_phosphatase;PF00102.24,Y_phosphatase
TR23942|c2_g5	 PF13927.3,Ig_3
TR23942|c4_g1	 NA
TR23943|c4_g3	 NA
TR23943|c5_g1	 PF08713.8,DNA_alkylation;PF00009.24,GTP_EFTU;PF03144.22,GTP_EFTU_D2;PF03143.14,GTP_EFTU_D3
TR23943|c6_g1	 PF04117.9,Mpv17_PMP22
TR23944|c0_g1	 PF04051.13,TRAPP
TR23944|c0_g3	 NA
TR23944|c1_g1	 NA
TR23944|c3_g3	 PF14666.3,RICTOR_M;PF14663.3,RasGEF_N_2;PF14668.3,RICTOR_V
TR23945|c0_g1	 NA
TR23945|c2_g1	 NA
TR23945|c2_g2	 PF00078.24,RVT_1
TR23945|c4_g1	 NA
TR23946|c0_g1	 PF04997.9,RNA_pol_Rpb1_1;PF00623.17,RNA_pol_Rpb1_2
TR23947|c5_g2	 NA
TR23948|c0_g4	 PF00443.26,UCH
TR23949|c0_g1	 PF00240.20,ubiquitin;PF00240.20,ubiquitin
TR23949|c3_g1	 NA
TR23949|c4_g1	 NA
TR23949|c5_g1	 NA
TR23949|c6_g1	 NA
TR23949|c8_g1	 PF05729.9,NACHT
TR23951|c0_g2	 NA
TR23951|c3_g1	 PF07714.14,Pkinase_Tyr
TR23951|c4_g1	 PF00084.17,Sushi
TR23952|c10_g1	 PF00589.19,Phage_integrase;PF00078.24,RVT_1;PF13456.3,RVT_3
TR23952|c16_g1	 NA
TR23952|c8_g1	 NA
TR23952|c9_g2	 NA
TR23953|c0_g1	 NA
TR23953|c11_g1	 NA
TR23953|c3_g1	 NA
TR23953|c5_g2	 NA
TR23953|c5_g3	 NA
TR23953|c5_g4	 NA
TR23954|c1_g2	 NA
TR23954|c2_g1	 NA
TR23954|c6_g1	 NA
TR23955|c10_g2	 NA
TR23955|c10_g3	 NA
TR23955|c11_g1	 NA
TR23955|c16_g1	 NA
TR23955|c6_g2	 PF00076.19,RRM_1
TR23955|c7_g1	 NA
TR23955|c8_g1	 NA
TR23955|c8_g6	 NA
TR23955|c9_g1	 PF12796.4,Ank_2;PF12796.4,Ank_2;PF12796.4,Ank_2;PF12796.4,Ank_2;PF12796.4,Ank_2;PF13920.3,zf-C3HC4_3
TR23955|c9_g2	 PF12796.4,Ank_2;PF13920.3,zf-C3HC4_3
TR23956|c0_g2	 NA
TR23956|c1_g1	 NA
TR23956|c2_g1	 NA
TR23956|c4_g1	 PF00069.22,Pkinase
TR23957|c0_g1	 PF14291.3,DUF4371
TR23958|c2_g1	 NA
TR23958|c3_g2	 NA
TR23958|c5_g1	 NA
TR23959|c1_g1	 PF13499.3,EF-hand_7
TR23959|c3_g1	 PF00400.29,WD40;PF00400.29,WD40;PF00400.29,WD40;PF00400.29,WD40;PF00400.29,WD40;PF00400.29,WD40;PF00400.29,WD40
TR23959|c4_g1	 PF00619.18,CARD
TR23959|c5_g1	 PF01266.21,DAO
TR23959|c6_g1	 NA
TR23959|c6_g3	 NA
TR23960|c0_g1	 PF13895.3,Ig_2;PF07679.13,I-set
TR23960|c2_g2	 NA
TR23960|c3_g4	 NA
TR23961|c0_g2	 PF00169.26,PH;PF00169.26,PH;PF00169.26,PH;PF00169.26,PH
TR23962|c9_g2	 NA
TR23963|c0_g1	 NA
TR23963|c10_g5	 NA
TR23963|c15_g1	 NA
TR23963|c1_g2	 NA
TR23963|c4_g2	 NA
TR23963|c6_g1	 NA
TR23963|c7_g1	 PF00270.26,DEAD
TR23964|c2_g3	 NA
TR23964|c3_g1	 NA
TR23964|c3_g2	 NA
TR23964|c4_g1	 PF00632.22,HECT
TR23964|c6_g2	 PF13975.3,gag-asp_proteas
TR23964|c6_g4	 NA
TR23964|c8_g1	 NA
TR23965|c0_g1	 PF06248.10,Zw10
TR23965|c1_g1	 PF13287.3,Fn3_assoc;PF12773.4,DZR;PF12796.4,Ank_2;PF02733.14,Dak1;PF02733.14,Dak1;PF02734.14,Dak2
TR23966|c0_g1	 NA
TR23966|c1_g1	 PF00503.17,G-alpha
TR23966|c4_g2	 PF00651.28,BTB;PF07707.12,BACK;PF01344.22,Kelch_1;PF01344.22,Kelch_1;PF01344.22,Kelch_1;PF01344.22,Kelch_1;PF01344.22,Kelch_1
TR23967|c2_g1	 NA
TR23967|c2_g2	 PF04118.11,Dopey_N
TR23967|c2_g4	 NA
TR23967|c2_g6	 NA
TR23968|c19_g1	 NA
TR23968|c5_g1	 NA
TR23968|c9_g1	 NA
TR23968|c9_g2	 NA
TR23969|c0_g1	 PF09409.7,PUB
TR23969|c1_g1	 PF00400.29,WD40;PF00400.29,WD40;PF00400.29,WD40;PF00400.29,WD40
TR23969|c1_g2	 PF00789.17,UBX
TR23969|c2_g1	 NA
TR23971|c10_g1	 NA
TR23971|c2_g1	 PF01764.22,Lipase_3
TR23971|c4_g1	 NA
TR23971|c4_g3	 NA
TR23972|c1_g3	 NA
TR23972|c3_g1	 NA
TR23973|c11_g1	 NA
TR23973|c16_g1	 NA
TR23973|c3_g1	 NA
TR23973|c4_g2	 PF12348.5,CLASP_N;PF12348.5,CLASP_N
TR23973|c6_g1	 PF12473.5,DUF3694;PF01302.22,CAP_GLY
TR23973|c9_g1	 NA
TR23974|c0_g1	 NA
TR23974|c10_g2	 NA
TR23974|c1_g1	 PF00097.22,zf-C3HC4
TR23974|c9_g1	 NA
TR23975|c0_g1	 PF00078.24,RVT_1;PF05380.10,Peptidase_A17
TR23975|c0_g3	 PF03564.12,DUF1759;PF00665.23,rve
TR23976|c2_g1	 NA
TR23976|c2_g2	 PF00856.25,SET
TR23977|c1_g1	 NA
TR23977|c3_g2	 PF16212.2,PhoLip_ATPase_C
TR23977|c3_g3	 PF16209.2,PhoLip_ATPase_N;PF00122.17,E1-E2_ATPase;PF13246.3,Cation_ATPase;PF00702.23,Hydrolase;PF16212.2,PhoLip_ATPase_C
TR23978|c1_g1	 NA
TR23978|c4_g2	 PF02181.20,FH2
TR23978|c4_g4	 NA
TR23978|c4_g6	 PF02181.20,FH2
TR23978|c4_g7	 PF02181.20,FH2;PF06371.10,Drf_GBD;PF06367.13,Drf_FH3
TR23978|c5_g1	 NA
TR23979|c1_g1	 NA
TR23979|c3_g1	 NA
TR2397|c0_g2	 NA
TR23981|c1_g1	 NA
TR23981|c2_g1	 PF06027.9,SLC35F
TR23981|c3_g1	 NA
TR23981|c4_g1	 PF06027.9,SLC35F
TR23981|c4_g2	 PF06027.9,SLC35F
TR23982|c0_g2	 PF00028.14,Cadherin;PF00028.14,Cadherin;PF00028.14,Cadherin;PF00028.14,Cadherin;PF00028.14,Cadherin;PF00028.14,Cadherin;PF00028.14,Cadherin;PF00028.14,Cadherin;PF00028.14,Cadherin;PF00028.14,Cadherin;PF00028.14,Cadherin;PF00028.14,Cadherin;PF00028.14,Cadherin;PF00028.14,Cadherin
TR23982|c0_g3	 PF00028.14,Cadherin;PF00028.14,Cadherin;PF00028.14,Cadherin
TR23983|c1_g3	 NA
TR23984|c4_g1	 PF07679.13,I-set;PF07679.13,I-set;PF13927.3,Ig_3
TR23985|c2_g1	 PF00454.24,PI3_PI4_kinase
TR23985|c3_g2	 PF00794.15,PI3K_rbd
TR23986|c0_g2	 NA
TR23986|c2_g2	 NA
TR23986|c5_g1	 NA
TR23986|c7_g1	 NA
TR23986|c7_g2	 NA
TR23986|c7_g3	 NA
TR23986|c8_g2	 PF11707.5,Npa1
TR23986|c8_g4	 NA
TR23987|c10_g3	 NA
TR23987|c11_g1	 PF00226.28,DnaJ;PF00085.17,Thioredoxin
TR23987|c12_g1	 NA
TR23987|c13_g2	 NA
TR23987|c14_g1	 NA
TR23987|c16_g1	 NA
TR23987|c23_g1	 NA
TR23987|c6_g1	 NA
TR23988|c2_g1	 NA
TR23988|c2_g2	 PF03564.12,DUF1759
TR23988|c3_g1	 NA
TR23988|c3_g4	 NA
TR23989|c14_g1	 NA
TR23989|c19_g1	 NA
TR23989|c21_g1	 NA
TR23989|c22_g1	 NA
TR23989|c3_g1	 NA
TR23989|c4_g2	 NA
TR23989|c7_g1	 NA
TR23990|c1_g1	 PF13927.3,Ig_3
TR23991|c10_g1	 NA
TR23991|c12_g1	 NA
TR23991|c8_g1	 NA
TR23991|c9_g1	 NA
TR23991|c9_g2	 PF00069.22,Pkinase
TR23992|c0_g1	 NA
TR23992|c2_g1	 PF03564.12,DUF1759;PF05585.9,DUF1758;PF05380.10,Peptidase_A17;PF00665.23,rve
TR23993|c1_g1	 NA
TR23993|c3_g3	 PF03456.15,uDENN;PF02141.18,DENN;PF03455.16,dDENN;PF02759.16,RUN
TR23993|c5_g1	 NA
TR23994|c1_g2	 NA
TR23994|c2_g2	 PF12662.4,cEGF;PF12662.4,cEGF
TR23996|c11_g1	 PF04188.10,Mannosyl_trans2
TR23996|c13_g1	 NA
TR23996|c13_g2	 NA
TR23996|c14_g1	 NA
TR23996|c19_g1	 NA
TR23996|c21_g1	 PF00270.26,DEAD;PF00271.28,Helicase_C
TR23996|c5_g1	 NA
TR23996|c9_g1	 NA
TR23997|c12_g1	 NA
TR23997|c16_g1	 NA
TR23997|c17_g1	 NA
TR23997|c1_g1	 NA
TR23997|c4_g1	 PF01784.15,NIF3
TR23997|c4_g2	 NA
TR23997|c5_g1	 NA
TR23997|c5_g2	 NA
TR23997|c6_g2	 NA
TR23997|c7_g1	 NA
TR23997|c9_g2	 NA
TR23998|c0_g2	 NA
TR23998|c13_g1	 NA
TR23998|c1_g1	 NA
TR23998|c2_g1	 NA
TR23998|c5_g1	 NA
TR23998|c5_g2	 NA
TR23998|c6_g1	 NA
TR23998|c7_g1	 NA
TR23999|c10_g1	 NA
TR23999|c15_g1	 PF00454.24,PI3_PI4_kinase
TR23999|c20_g1	 NA
TR23999|c3_g2	 PF00431.17,CUB;PF07974.10,EGF_2;PF00053.21,Laminin_EGF;PF13418.3,Kelch_4;PF00053.21,Laminin_EGF
TR23999|c4_g2	 PF11788.5,MRP-L46
TR23999|c5_g1	 PF00266.16,Aminotran_5
TR23999|c7_g1	 NA
TR23999|c8_g3	 PF00640.20,PID;PF00017.21,SH2
TR24000|c10_g1	 NA
TR24000|c13_g1	 NA
TR24000|c19_g1	 NA
TR24000|c1_g1	 NA
TR24000|c6_g1	 PF02737.15,3HCDH_N
TR24000|c8_g2	 NA
TR24000|c9_g1	 NA
TR24000|c9_g2	 PF00098.20,zf-CCHC
TR24001|c1_g2	 PF13855.3,LRR_8
TR24001|c7_g1	 NA
TR24002|c0_g1	 PF12796.4,Ank_2;PF13606.3,Ank_3;PF12796.4,Ank_2;PF00023.27,Ank;PF12796.4,Ank_2;PF00612.24,IQ;PF00612.24,IQ
TR24003|c0_g1	 NA
TR24003|c0_g2	 NA
TR24003|c0_g3	 PF07539.9,DRIM
TR24003|c0_g4	 NA
TR24003|c0_g5	 NA
TR24004|c0_g2	 NA
TR24004|c11_g1	 NA
TR24004|c5_g1	 NA
TR24004|c6_g1	 NA
TR24004|c7_g1	 NA
TR24004|c8_g1	 NA
TR24004|c8_g2	 NA
TR24005|c10_g1	 NA
TR24005|c2_g1	 NA
TR24005|c3_g2	 PF00069.22,Pkinase;PF01344.22,Kelch_1
TR24005|c4_g1	 PF00531.19,Death
TR24005|c5_g1	 NA
TR24005|c6_g1	 NA
TR24008|c3_g1	 PF12796.4,Ank_2;PF12796.4,Ank_2;PF12796.4,Ank_2;PF08477.10,Roc;PF16095.2,COR
TR24009|c1_g2	 NA
TR24009|c4_g1	 PF00536.27,SAM_1
TR24009|c5_g1	 NA
TR24009|c5_g2	 NA
TR24009|c6_g4	 PF00630.16,Filamin;PF01436.18,NHL;PF01436.18,NHL;PF01436.18,NHL
TR24010|c0_g1	 PF06459.9,RR_TM4-6;PF00520.28,Ion_trans
TR24010|c0_g3	 PF01365.18,RYDR_ITPR;PF02026.13,RyR;PF08454.8,RIH_assoc;PF13499.3,EF-hand_7
TR24011|c3_g1	 NA
TR24012|c7_g1	 NA
TR24012|c9_g1	 PF00794.15,PI3K_rbd;PF00792.21,PI3K_C2;PF00613.17,PI3Ka;PF00454.24,PI3_PI4_kinase
TR24013|c0_g1	 NA
TR24014|c1_g2	 NA
TR24014|c2_g5	 NA
TR24014|c2_g7	 NA
TR24014|c3_g1	 NA
TR24014|c6_g1	 NA
TR24015|c10_g1	 NA
TR24015|c11_g1	 NA
TR24015|c12_g1	 PF14652.3,DUF4457
TR24015|c12_g2	 PF14652.3,DUF4457;PF14652.3,DUF4457
TR24015|c12_g3	 PF14652.3,DUF4457
TR24015|c14_g1	 NA
TR24015|c18_g1	 NA
TR24015|c8_g1	 NA
TR24016|c2_g1	 NA
TR24016|c4_g2	 NA
TR24016|c5_g1	 NA
TR24016|c6_g1	 NA
TR24017|c0_g2	 NA
TR24017|c10_g1	 NA
TR24017|c12_g1	 NA
TR24017|c15_g1	 NA
TR24017|c20_g1	 NA
TR24017|c9_g1	 NA
TR24017|c9_g2	 NA
TR24018|c1_g3	 NA
TR24018|c2_g2	 PF00028.14,Cadherin;PF00028.14,Cadherin;PF00028.14,Cadherin;PF00028.14,Cadherin;PF00028.14,Cadherin;PF00028.14,Cadherin
TR24019|c1_g1	 PF03547.15,Mem_trans;PF03547.15,Mem_trans
TR24020|c1_g1	 NA
TR24020|c2_g1	 NA
TR24020|c3_g1	 PF12937.4,F-box-like;PF01369.17,Sec7
TR24020|c4_g1	 NA
TR24020|c5_g1	 NA
TR24021|c16_g1	 NA
TR24021|c19_g1	 NA
TR24021|c20_g1	 NA
TR24021|c2_g1	 NA
TR24021|c5_g1	 NA
TR24021|c7_g1	 NA
TR24022|c3_g1	 NA
TR24022|c3_g3	 NA
TR24024|c12_g1	 NA
TR24024|c15_g2	 NA
TR24024|c19_g1	 PF14953.3,DUF4504
TR24024|c20_g1	 NA
TR24024|c2_g1	 NA
TR24024|c2_g2	 NA
TR24025|c0_g1	 NA
TR24025|c1_g1	 NA
TR24025|c2_g3	 NA
TR24025|c3_g1	 NA
TR24025|c3_g2	 NA
TR24025|c3_g4	 NA
TR24025|c4_g1	 NA
TR24025|c6_g1	 NA
TR24025|c7_g1	 NA
TR24025|c9_g1	 NA
TR24027|c0_g1	 PF00530.15,SRCR;PF00530.15,SRCR;PF00530.15,SRCR;PF00530.15,SRCR;PF00530.15,SRCR
TR24027|c2_g1	 PF00530.15,SRCR;PF00530.15,SRCR
TR24028|c0_g1	 NA
TR24028|c0_g2	 PF01066.18,CDP-OH_P_transf
TR24028|c11_g1	 PF09747.6,DUF2052
TR24028|c13_g1	 NA
TR24028|c14_g1	 NA
TR24028|c18_g1	 NA
TR24028|c1_g1	 NA
TR24028|c2_g1	 NA
TR24028|c4_g1	 NA
TR24028|c4_g2	 NA
TR24028|c4_g3	 NA
TR24029|c1_g1	 PF06294.8,CH_2
TR24029|c1_g5	 NA
TR2402|c0_g1	 PF01182.17,Glucosamine_iso
TR2402|c0_g2	 PF01182.17,Glucosamine_iso
TR24030|c0_g1	 PF00400.29,WD40;PF00400.29,WD40;PF00400.29,WD40
TR24030|c1_g1	 PF00069.22,Pkinase
TR24030|c2_g1	 NA
TR24030|c2_g3	 PF00435.18,Spectrin
TR24031|c4_g1	 PF10234.6,Cluap1
TR24031|c5_g2	 NA
TR24031|c6_g1	 NA
TR24032|c0_g2	 PF12130.5,DUF3585
TR24032|c1_g1	 PF00307.28,CH;PF00412.19,LIM
TR24032|c1_g3	 NA
TR24033|c0_g2	 PF16489.2,GAIN
TR24033|c0_g3	 NA
TR24035|c0_g2	 NA
TR24035|c12_g1	 NA
TR24035|c19_g1	 NA
TR24035|c20_g1	 NA
TR24035|c9_g2	 NA
TR24035|c9_g3	 NA
TR24036|c1_g1	 NA
TR24036|c1_g3	 PF00498.23,FHA;PF08669.8,GCV_T_C
TR24037|c2_g1	 NA
TR24037|c3_g1	 NA
TR24037|c4_g2	 NA
TR24037|c5_g3	 NA
TR24037|c5_g4	 NA
TR24038|c0_g5	 PF00567.21,TUDOR;PF00567.21,TUDOR;PF00567.21,TUDOR;PF00567.21,TUDOR;PF00567.21,TUDOR;PF00567.21,TUDOR;PF00567.21,TUDOR;PF00567.21,TUDOR;PF00567.21,TUDOR;PF00567.21,TUDOR
TR24040|c0_g2	 NA
TR24040|c2_g1	 PF13445.3,zf-RING_UBOX;PF00643.21,zf-B_box
TR24040|c3_g4	 NA
TR24040|c3_g5	 PF02798.17,GST_N;PF00043.22,GST_C
TR24040|c5_g1	 NA
TR24040|c6_g1	 NA
TR24041|c2_g2	 PF10551.6,MULE
TR24042|c0_g1	 NA
TR24042|c1_g1	 PF02218.12,HS1_rep
TR24043|c2_g1	 NA
TR24044|c4_g1	 NA
TR24045|c10_g3	 NA
TR24045|c11_g2	 NA
TR24045|c12_g1	 NA
TR24045|c15_g1	 NA
TR24045|c8_g2	 NA
TR24046|c3_g1	 NA
TR24046|c6_g1	 NA
TR24046|c9_g1	 NA
TR24047|c3_g1	 PF13650.3,Asp_protease_2;PF00078.24,RVT_1;PF09337.7,zf-H2C2;PF00665.23,rve
TR24047|c5_g1	 NA
TR24047|c5_g2	 NA
TR24047|c5_g3	 NA
TR24047|c5_g4	 NA
TR24048|c10_g1	 NA
TR24048|c11_g1	 NA
TR24048|c12_g1	 NA
TR24048|c13_g1	 PF00804.22,Syntaxin;PF05739.16,SNARE
TR24048|c16_g1	 NA
TR24048|c18_g1	 NA
TR24048|c3_g1	 NA
TR24048|c4_g2	 NA
TR24048|c7_g1	 NA
TR24049|c0_g1	 NA
TR24049|c3_g1	 NA
TR24050|c10_g1	 PF13238.3,AAA_18
TR24050|c11_g1	 NA
TR24050|c14_g1	 PF00884.20,Sulfatase
TR24050|c17_g1	 NA
TR24050|c1_g1	 NA
TR24050|c7_g2	 NA
TR24051|c0_g3	 PF00621.17,RhoGEF
TR24053|c19_g1	 NA
TR24053|c4_g2	 PF04387.11,PTPLA
TR24053|c4_g3	 NA
TR24053|c7_g1	 NA
TR24053|c7_g2	 NA
TR24053|c8_g1	 NA
TR24054|c0_g1	 PF08740.8,BCS1_N;PF00004.26,AAA
TR24054|c10_g1	 PF00170.18,bZIP_1
TR24054|c4_g2	 NA
TR24054|c7_g1	 PF00179.23,UQ_con;PF00627.28,UBA
TR24064|c0_g1	 NA
TR24068|c0_g1	 NA
TR24076|c0_g1	 NA
TR2408|c0_g2	 PF05207.10,zf-CSL
TR2410|c0_g1	 NA
TR2410|c0_g2	 PF00201.15,UDPGT
TR2411|c1_g1	 NA
TR2412|c2_g1	 NA
TR24139|c0_g1	 NA
TR2413|c0_g2	 PF03556.12,Cullin_binding
TR24153|c0_g1	 NA
TR24157|c0_g1	 NA
TR24161|c0_g1	 NA
TR2418|c0_g1	 PF01876.13,RNase_P_p30
TR241|c0_g2	 PF01436.18,NHL;PF01436.18,NHL
TR24241|c1_g1	 PF13516.3,LRR_6;PF13516.3,LRR_6;PF13516.3,LRR_6;PF13516.3,LRR_6;PF13516.3,LRR_6
TR24241|c2_g1	 NA
TR24244|c0_g1	 NA
TR24244|c1_g1	 NA
TR24274|c0_g1	 PF00240.20,ubiquitin
TR24284|c1_g1	 NA
TR24285|c0_g1	 PF01179.17,Cu_amine_oxid
TR24291|c1_g1	 NA
TR24294|c0_g1	 NA
TR24305|c1_g1	 NA
TR24310|c0_g1	 PF01553.18,Acyltransferase
TR24310|c3_g1	 NA
TR24324|c0_g1	 NA
TR24332|c0_g1	 NA
TR24332|c0_g3	 NA
TR24336|c0_g1	 PF00085.17,Thioredoxin
TR24340|c0_g1	 NA
TR24350|c0_g1	 NA
TR24374|c0_g1	 PF05168.11,HEPN
TR24380|c0_g3	 NA
TR24385|c1_g1	 PF02874.20,ATP-synt_ab_N;PF00006.22,ATP-synt_ab;PF00306.24,ATP-synt_ab_C
TR24395|c0_g1	 NA
TR24410|c1_g1	 NA
TR24418|c0_g1	 NA
TR24421|c0_g2	 NA
TR24434|c1_g1	 NA
TR24449|c1_g1	 PF00078.24,RVT_1
TR2447|c0_g1	 PF04989.9,CmcI
TR2448|c0_g1	 NA
TR2448|c0_g2	 NA
TR24497|c0_g1	 NA
TR2449|c0_g1	 NA
TR244|c0_g1	 NA
TR244|c1_g1	 NA
TR24504|c0_g1	 NA
TR2450|c0_g1	 PF01176.16,eIF-1a
TR2450|c1_g1	 NA
TR2450|c2_g1	 NA
TR24512|c0_g2	 NA
TR2451|c0_g1	 NA
TR24522|c0_g1	 PF01535.17,PPR;PF13812.3,PPR_3
TR24523|c0_g1	 PF05773.19,RWD;PF01485.18,IBR;PF01485.18,IBR
TR24523|c0_g2	 PF01485.18,IBR;PF01485.18,IBR
TR24524|c0_g1	 NA
TR24525|c0_g1	 NA
TR24525|c0_g2	 NA
TR24550|c0_g1	 NA
TR24553|c0_g1	 PF00271.28,Helicase_C
TR24583|c0_g1	 NA
TR24591|c0_g1	 NA
TR2459|c0_g1	 PF00179.23,UQ_con
TR2459|c1_g1	 PF00106.22,adh_short
TR245|c0_g2	 NA
TR24611|c0_g1	 NA
TR24619|c1_g1	 NA
TR2464|c0_g1	 PF00069.22,Pkinase;PF00069.22,Pkinase
TR24667|c0_g1	 NA
TR2467|c0_g1	 PF04280.12,Tim44
TR24681|c0_g1	 PF00651.28,BTB;PF07707.12,BACK
TR2468|c0_g1	 PF16511.2,FERM_f0;PF09379.7,FERM_N;PF00373.15,FERM_M;PF02174.14,IRS;PF09141.7,Talin_middle;PF08913.7,VBS
TR24720|c0_g1	 NA
TR24740|c0_g2	 PF00219.15,IGFBP;PF07648.12,Kazal_2;PF07648.12,Kazal_2;PF07648.12,Kazal_2
TR24741|c0_g1	 PF08802.7,CytB6-F_Fe-S;PF00355.23,Rieske
TR24744|c0_g1	 NA
TR24747|c0_g1	 NA
TR24749|c0_g1	 NA
TR2474|c3_g1	 NA
TR24750|c0_g1	 NA
TR2475|c0_g1	 NA
TR2477|c0_g1	 NA
TR2477|c0_g2	 PF01494.16,FAD_binding_3
TR24781|c0_g1	 NA
TR24782|c0_g1	 NA
TR2478|c0_g1	 PF00071.19,Ras
TR24794|c0_g1	 NA
TR24796|c0_g1	 NA
TR24798|c0_g1	 NA
TR24818|c0_g1	 NA
TR2481|c0_g1	 PF04511.12,DER1
TR2482|c2_g1	 PF05380.10,Peptidase_A17
TR24834|c0_g1	 NA
TR24836|c0_g1	 NA
TR24840|c0_g1	 NA
TR24841|c2_g1	 NA
TR24841|c2_g2	 NA
TR24841|c3_g1	 NA
TR24842|c0_g1	 NA
TR24842|c0_g2	 PF01823.16,MACPF
TR24843|c11_g1	 PF13339.3,AATF-Che1;PF08164.9,TRAUB
TR24843|c5_g1	 NA
TR24843|c8_g1	 NA
TR24843|c9_g3	 NA
TR24844|c1_g1	 NA
TR24845|c0_g1	 PF05679.13,CHGN
TR24846|c1_g1	 PF08366.10,LLGL;PF08596.7,Lgl_C
TR24847|c1_g1	 PF00225.20,Kinesin;PF12711.4,Kinesin-relat_1
TR24847|c2_g1	 NA
TR24849|c2_g2	 PF00169.26,PH
TR24849|c5_g3	 PF00621.17,RhoGEF;PF00621.17,RhoGEF
TR24849|c6_g1	 NA
TR24849|c7_g1	 NA
TR2484|c0_g2	 NA
TR24850|c0_g1	 PF01163.19,RIO1
TR24852|c1_g1	 NA
TR24853|c0_g1	 NA
TR24854|c0_g2	 NA
TR24856|c10_g1	 NA
TR24856|c3_g1	 PF12632.4,Vezatin;PF15087.3,DUF4551
TR24856|c5_g2	 NA
TR24857|c0_g1	 NA
TR24859|c0_g1	 PF16746.2,BAR_3
TR24859|c0_g2	 PF00169.26,PH;PF01412.15,ArfGap
TR2485|c0_g1	 NA
TR24862|c0_g1	 PF13964.3,Kelch_6;PF01344.22,Kelch_1;PF01344.22,Kelch_1
TR24862|c0_g2	 PF01344.22,Kelch_1;PF13418.3,Kelch_4;PF13964.3,Kelch_6;PF01344.22,Kelch_1;PF01344.22,Kelch_1
TR24864|c0_g2	 PF00063.18,Myosin_head
TR24865|c0_g1	 NA
TR24865|c2_g2	 NA
TR24865|c4_g1	 PF01392.19,Fz
TR24865|c6_g1	 PF01392.19,Fz
TR24865|c7_g1	 NA
TR24865|c8_g1	 PF07714.14,Pkinase_Tyr
TR24867|c1_g1	 NA
TR24869|c2_g1	 PF00078.24,RVT_1
TR24869|c3_g1	 NA
TR24870|c0_g2	 PF11838.5,ERAP1_C
TR24870|c2_g1	 NA
TR24872|c0_g2	 NA
TR24872|c1_g1	 PF00907.19,T-box;PF00907.19,T-box
TR24872|c2_g1	 NA
TR24874|c1_g2	 NA
TR24874|c1_g3	 NA
TR24878|c0_g1	 PF01776.14,Ribosomal_L22e
TR24878|c0_g2	 PF01776.14,Ribosomal_L22e
TR24879|c12_g3	 PF00400.29,WD40;PF00400.29,WD40;PF00400.29,WD40
TR24879|c20_g1	 NA
TR24879|c21_g1	 NA
TR24879|c23_g1	 NA
TR24879|c2_g1	 NA
TR24879|c32_g1	 NA
TR24879|c33_g1	 NA
TR24879|c4_g2	 NA
TR24879|c5_g1	 NA
TR24879|c9_g2	 PF04869.11,Uso1_p115_head;PF04871.10,Uso1_p115_C
TR24880|c1_g1	 PF00171.19,Aldedh
TR24880|c2_g1	 PF07956.8,DUF1690
TR24880|c3_g1	 NA
TR24880|c4_g1	 PF07787.9,DUF1625
TR24880|c4_g2	 PF07787.9,DUF1625
TR24884|c0_g2	 PF02921.11,UCR_TM;PF00355.23,Rieske
TR24884|c10_g3	 NA
TR24884|c10_g4	 NA
TR24884|c14_g1	 NA
TR24884|c4_g1	 PF13516.3,LRR_6;PF13516.3,LRR_6;PF13516.3,LRR_6
TR24884|c5_g1	 PF13516.3,LRR_6;PF13516.3,LRR_6
TR24884|c6_g1	 NA
TR24884|c7_g1	 NA
TR24884|c9_g1	 PF01255.16,Prenyltransf
TR24887|c13_g6	 NA
TR24887|c14_g2	 PF00046.26,Homeobox
TR24887|c14_g3	 NA
TR24887|c9_g1	 NA
TR24889|c0_g1	 PF00078.24,RVT_1;PF00665.23,rve
TR24890|c0_g1	 NA
TR24890|c1_g1	 PF00270.26,DEAD;PF00271.28,Helicase_C;PF04408.20,HA2;PF07717.13,OB_NTP_bind
TR24891|c0_g1	 PF00400.29,WD40;PF00400.29,WD40
TR24891|c0_g2	 PF00400.29,WD40
TR24891|c0_g3	 NA
TR24897|c0_g1	 PF11793.5,FANCL_C
TR24898|c1_g1	 NA
TR24898|c2_g1	 PF05118.12,Asp_Arg_Hydrox
TR24899|c2_g1	 PF00999.18,Na_H_Exchanger;PF00999.18,Na_H_Exchanger
TR2489|c0_g3	 NA
TR248|c0_g1	 PF01105.21,EMP24_GP25L
TR24900|c3_g2	 NA
TR24900|c6_g1	 NA
TR24900|c7_g1	 NA
TR24900|c7_g2	 NA
TR24900|c8_g1	 NA
TR24901|c5_g1	 NA
TR24903|c2_g1	 NA
TR24904|c0_g1	 PF02991.13,Atg8
TR24904|c1_g1	 PF02137.15,A_deamin
TR24904|c1_g2	 PF02137.15,A_deamin
TR24905|c1_g1	 PF00149.25,Metallophos
TR24905|c2_g1	 NA
TR24907|c1_g1	 NA
TR2490|c1_g1	 NA
TR24910|c0_g2	 PF07728.11,AAA_5
TR24911|c0_g1	 NA
TR24912|c0_g1	 PF16496.2,SWIRM-assoc_2;PF04433.14,SWIRM;PF00249.28,Myb_DNA-binding;PF16498.2,SWIRM-assoc_3;PF16495.2,SWIRM-assoc_1
TR24913|c14_g1	 NA
TR24913|c15_g1	 PF00531.19,Death
TR24913|c8_g2	 NA
TR24913|c8_g3	 NA
TR24913|c9_g1	 NA
TR24914|c0_g1	 NA
TR24914|c4_g2	 NA
TR24914|c7_g1	 PF00888.19,Cullin
TR24916|c1_g1	 NA
TR24917|c1_g1	 NA
TR24918|c1_g1	 NA
TR24918|c1_g2	 NA
TR24918|c1_g3	 NA
TR24918|c2_g1	 NA
TR24918|c8_g1	 NA
TR24919|c0_g2	 NA
TR24920|c1_g1	 NA
TR24920|c1_g2	 PF13364.3,BetaGal_dom4_5
TR24922|c0_g1	 NA
TR24923|c0_g1	 NA
TR24926|c0_g2	 NA
TR24928|c1_g1	 NA
TR24932|c0_g1	 PF03985.10,Paf1
TR24933|c0_g1	 NA
TR24933|c2_g1	 NA
TR24933|c2_g2	 NA
TR24934|c0_g1	 PF07716.12,bZIP_2
TR24935|c0_g2	 PF16282.2,SANT_DAMP1_like
TR24938|c0_g1	 NA
TR24942|c0_g1	 PF00157.14,Pou;PF00046.26,Homeobox
TR24944|c0_g1	 NA
TR24947|c0_g1	 NA
TR2495|c0_g2	 PF00056.20,Ldh_1_N;PF02866.15,Ldh_1_C
TR2495|c2_g1	 NA
TR24977|c0_g1	 NA
TR24982|c0_g1	 NA
TR24982|c1_g1	 NA
TR2498|c0_g1	 PF00621.17,RhoGEF
TR24992|c1_g1	 NA
TR25001|c0_g1	 NA
TR25012|c0_g1	 NA
TR25015|c0_g1	 PF07052.8,Hep_59
TR25015|c1_g1	 PF15559.3,DUF4660
TR2501|c3_g1	 NA
TR2502|c0_g2	 NA
TR25036|c0_g1	 NA
TR2503|c0_g1	 NA
TR2503|c0_g2	 PF03134.16,TB2_DP1_HVA22
TR25048|c0_g1	 NA
TR25052|c0_g1	 PF13359.3,DDE_Tnp_4
TR25054|c0_g1	 NA
TR25055|c2_g1	 NA
TR25058|c0_g1	 PF00069.22,Pkinase
TR25058|c0_g2	 PF00069.22,Pkinase
TR2505|c1_g2	 NA
TR25061|c0_g2	 NA
TR25063|c0_g1	 NA
TR25066|c1_g1	 NA
TR25067|c0_g1	 NA
TR25068|c0_g1	 PF14808.3,TMEM164
TR25068|c0_g2	 PF14808.3,TMEM164
TR25074|c0_g2	 PF04190.10,DUF410
TR25075|c0_g2	 NA
TR2507|c0_g1	 PF00635.23,Motile_Sperm
TR25084|c0_g1	 NA
TR25085|c0_g1	 PF05706.9,CDKN3
TR25085|c2_g1	 PF01380.19,SIS
TR2508|c0_g1	 NA
TR25090|c0_g1	 NA
TR25092|c1_g1	 NA
TR25097|c0_g1	 NA
TR2509|c0_g2	 NA
TR2509|c1_g1	 PF01529.17,zf-DHHC
TR2509|c1_g2	 PF01529.17,zf-DHHC
TR25102|c0_g1	 NA
TR25105|c0_g1	 NA
TR25105|c0_g2	 NA
TR25108|c0_g1	 PF10075.6,CSN8_PSD8_EIF3K
TR2510|c0_g3	 NA
TR25110|c0_g1	 PF00106.22,adh_short
TR25111|c0_g1	 PF00418.16,Tubulin-binding;PF00418.16,Tubulin-binding
TR25112|c0_g1	 PF00400.29,WD40
TR25113|c2_g1	 NA
TR25113|c3_g1	 NA
TR25114|c1_g1	 NA
TR25114|c2_g1	 NA
TR25118|c0_g1	 PF10584.6,Proteasome_A_N;PF00227.23,Proteasome
TR25122|c2_g1	 NA
TR25125|c0_g1	 PF01457.13,Peptidase_M8
TR25125|c1_g1	 NA
TR25140|c0_g1	 NA
TR25153|c0_g1	 NA
TR2515|c0_g1	 PF01557.15,FAA_hydrolase
TR25183|c0_g1	 NA
TR251|c1_g1	 NA
TR251|c3_g1	 NA
TR2523|c0_g1	 PF02991.13,Atg8
TR2524|c1_g1	 PF00400.29,WD40;PF13923.3,zf-C3HC4_2;PF02176.15,zf-TRAF;PF00400.29,WD40
TR2526|c0_g1	 NA
TR2527|c0_g1	 NA
TR25287|c0_g1	 NA
TR25288|c0_g1	 PF04548.13,AIG1
TR2528|c0_g1	 NA
TR2530|c0_g1	 PF00787.21,PX;PF09325.7,Vps5
TR25313|c0_g1	 PF13328.3,HD_4
TR2531|c0_g1	 PF07992.11,Pyr_redox_2;PF07992.11,Pyr_redox_2
TR25325|c0_g1	 NA
TR2532|c0_g1	 NA
TR25331|c1_g1	 NA
TR25335|c0_g1	 NA
TR25341|c0_g1	 NA
TR2534|c0_g1	 NA
TR25351|c0_g1	 NA
TR2535|c1_g1	 NA
TR2535|c3_g1	 NA
TR25361|c0_g1	 NA
TR25363|c0_g1	 NA
TR2536|c0_g1	 NA
TR25372|c0_g1	 NA
TR25373|c0_g1	 NA
TR25376|c0_g1	 NA
TR25387|c0_g1	 PF00071.19,Ras
TR25393|c0_g1	 PF00504.18,Chloroa_b-bind
TR25394|c0_g1	 NA
TR253|c1_g1	 NA
TR25404|c0_g1	 PF01391.15,Collagen
TR25415|c0_g1	 NA
TR25421|c0_g1	 PF00481.18,PP2C
TR25436|c0_g1	 NA
TR25447|c0_g1	 NA
TR25449|c0_g1	 NA
TR25450|c0_g1	 PF00012.17,HSP70
TR25478|c0_g1	 NA
TR25497|c0_g1	 NA
TR25514|c1_g1	 NA
TR25514|c3_g2	 PF00782.17,DSPc
TR25514|c4_g1	 NA
TR25514|c9_g1	 NA
TR25515|c1_g1	 NA
TR25515|c6_g1	 PF03455.16,dDENN;PF02141.18,DENN
TR25515|c7_g3	 NA
TR25515|c7_g4	 NA
TR25515|c8_g1	 NA
TR25517|c5_g1	 PF03098.12,An_peroxidase
TR25517|c5_g2	 PF03098.12,An_peroxidase
TR25517|c6_g1	 NA
TR25517|c6_g2	 PF03098.12,An_peroxidase
TR25520|c12_g1	 NA
TR25520|c16_g1	 NA
TR25520|c2_g1	 NA
TR25520|c3_g2	 NA
TR25520|c3_g3	 NA
TR25520|c3_g5	 NA
TR25520|c4_g1	 PF12572.5,DUF3752
TR25520|c5_g2	 NA
TR25521|c2_g1	 NA
TR25522|c1_g1	 NA
TR25524|c0_g1	 NA
TR25524|c1_g1	 NA
TR25524|c1_g2	 PF00664.20,ABC_membrane
TR25525|c3_g1	 NA
TR25525|c3_g3	 NA
TR25525|c3_g4	 NA
TR25526|c10_g1	 PF03194.12,LUC7
TR25526|c12_g1	 NA
TR25526|c17_g1	 NA
TR25526|c19_g1	 NA
TR25526|c2_g2	 NA
TR25526|c7_g1	 NA
TR25526|c8_g1	 NA
TR25526|c8_g2	 NA
TR25527|c0_g1	 PF00078.24,RVT_1;PF00098.20,zf-CCHC;PF00077.17,RVP;PF00665.23,rve
TR25527|c1_g1	 NA
TR25527|c1_g2	 NA
TR25527|c1_g3	 NA
TR25529|c2_g1	 PF07714.14,Pkinase_Tyr
TR25529|c3_g2	 PF00069.22,Pkinase;PF01344.22,Kelch_1
TR25529|c3_g4	 NA
TR25529|c3_g6	 NA
TR25531|c0_g1	 NA
TR25531|c0_g3	 PF13927.3,Ig_3;PF13927.3,Ig_3
TR25532|c0_g1	 NA
TR25532|c1_g3	 NA
TR25532|c2_g1	 PF05970.11,PIF1;PF02689.11,Herpes_Helicase
TR25533|c0_g1	 NA
TR25534|c0_g1	 NA
TR25534|c10_g1	 NA
TR25534|c2_g1	 NA
TR25534|c3_g1	 NA
TR25534|c6_g2	 NA
TR25534|c6_g3	 NA
TR25534|c8_g1	 NA
TR25536|c10_g1	 NA
TR25536|c11_g2	 NA
TR25536|c13_g1	 NA
TR25536|c5_g1	 NA
TR25538|c10_g1	 NA
TR25538|c15_g1	 NA
TR25538|c5_g2	 NA
TR25538|c6_g1	 NA
TR25538|c6_g2	 NA
TR25538|c6_g3	 NA
TR25538|c9_g1	 NA
TR25539|c12_g1	 NA
TR25539|c2_g1	 NA
TR25539|c7_g1	 PF12796.4,Ank_2;PF00531.19,Death
TR25541|c11_g1	 NA
TR25541|c5_g1	 PF00069.22,Pkinase
TR25541|c6_g2	 NA
TR25541|c6_g3	 NA
TR25542|c0_g2	 NA
TR25542|c0_g3	 NA
TR25542|c0_g4	 NA
TR25544|c0_g1	 PF03028.12,Dynein_heavy
TR25544|c0_g2	 PF12777.4,MT;PF12777.4,MT;PF12781.4,AAA_9
TR25544|c0_g3	 NA
TR25544|c2_g3	 PF12774.4,AAA_6;PF07728.11,AAA_5
TR25546|c4_g1	 NA
TR25546|c7_g1	 NA
TR25547|c1_g1	 PF01833.21,TIG;PF10162.6,G8
TR25547|c1_g2	 PF13229.3,Beta_helix
TR25547|c1_g6	 PF10162.6,G8
TR25547|c1_g9	 PF02298.14,Cu_bind_like
TR25548|c0_g1	 NA
TR25549|c4_g2	 NA
TR25549|c5_g3	 NA
TR25549|c7_g1	 PF05729.9,NACHT
TR25549|c9_g1	 NA
TR25551|c3_g1	 NA
TR25551|c4_g1	 NA
TR25552|c1_g1	 PF03160.11,Calx-beta;PF03160.11,Calx-beta
TR25552|c1_g2	 PF03160.11,Calx-beta;PF03160.11,Calx-beta
TR25552|c6_g1	 PF03160.11,Calx-beta;PF03160.11,Calx-beta
TR25553|c1_g1	 PF01833.21,TIG;PF01833.21,TIG;PF01833.21,TIG
TR25553|c2_g1	 NA
TR25555|c0_g1	 NA
TR25556|c2_g1	 NA
TR25556|c3_g2	 PF02338.16,OTU
TR25558|c0_g2	 NA
TR25558|c1_g2	 PF02229.13,PC4
TR25558|c4_g1	 NA
TR25558|c4_g2	 NA
TR25558|c5_g3	 NA
TR25560|c0_g1	 NA
TR25560|c1_g1	 PF12770.4,CHAT
TR25560|c1_g2	 PF13181.3,TPR_8;PF13176.3,TPR_7
TR25560|c1_g3	 PF12770.4,CHAT
TR25560|c4_g1	 NA
TR25561|c0_g1	 PF08212.9,Lipocalin_2
TR25563|c3_g2	 PF05729.9,NACHT
TR25563|c3_g3	 PF13516.3,LRR_6
TR25563|c3_g4	 NA
TR25563|c3_g5	 NA
TR25563|c5_g1	 NA
TR25564|c16_g1	 NA
TR25564|c5_g1	 PF00084.17,Sushi
TR25564|c5_g2	 NA
TR25565|c6_g1	 NA
TR25566|c0_g1	 NA
TR25567|c0_g1	 PF01344.22,Kelch_1;PF01344.22,Kelch_1
TR25567|c0_g2	 NA
TR25567|c1_g1	 PF00069.22,Pkinase
TR25567|c3_g1	 NA
TR25567|c4_g1	 NA
TR25567|c5_g1	 NA
TR25568|c1_g1	 NA
TR25568|c25_g1	 NA
TR25568|c30_g1	 NA
TR25568|c3_g1	 NA
TR25568|c5_g2	 NA
TR25568|c9_g1	 NA
TR25569|c0_g1	 PF00046.26,Homeobox
TR25570|c1_g1	 NA
TR25570|c1_g2	 NA
TR25570|c1_g3	 NA
TR25570|c1_g4	 NA
TR25570|c1_g6	 NA
TR25571|c10_g2	 PF00084.17,Sushi
TR25571|c11_g1	 PF03160.11,Calx-beta;PF03160.11,Calx-beta
TR25571|c13_g1	 PF00084.17,Sushi;PF00084.17,Sushi
TR25571|c16_g1	 PF03160.11,Calx-beta;PF03160.11,Calx-beta
TR25571|c2_g2	 PF03160.11,Calx-beta
TR25571|c4_g2	 PF00084.17,Sushi;PF00084.17,Sushi
TR25571|c7_g1	 PF13927.3,Ig_3
TR25571|c8_g1	 NA
TR25572|c0_g1	 PF01382.14,Avidin
TR25572|c13_g1	 NA
TR25572|c14_g1	 NA
TR25572|c1_g1	 NA
TR25572|c5_g1	 NA
TR25572|c9_g1	 NA
TR25573|c0_g1	 NA
TR25574|c11_g3	 NA
TR25574|c12_g2	 NA
TR25574|c13_g1	 NA
TR25574|c13_g2	 NA
TR25574|c16_g1	 NA
TR25574|c17_g1	 NA
TR25574|c1_g2	 NA
TR25574|c26_g1	 NA
TR25574|c2_g1	 NA
TR25575|c0_g2	 NA
TR25575|c4_g1	 PF01034.17,Syndecan
TR25575|c5_g1	 NA
TR25576|c4_g1	 NA
TR25578|c6_g1	 NA
TR25578|c9_g1	 NA
TR25582|c2_g1	 NA
TR25582|c4_g2	 NA
TR25582|c8_g1	 NA
TR25583|c0_g2	 NA
TR25583|c11_g1	 NA
TR25583|c1_g1	 NA
TR25583|c3_g1	 NA
TR25583|c4_g1	 NA
TR25583|c4_g2	 NA
TR25583|c9_g1	 NA
TR25584|c2_g1	 NA
TR25584|c3_g1	 PF14817.3,HAUS5;PF14817.3,HAUS5
TR25584|c4_g1	 NA
TR25586|c3_g1	 NA
TR25586|c5_g1	 NA
TR25586|c9_g1	 NA
TR25587|c0_g1	 PF00028.14,Cadherin
TR25587|c0_g3	 PF00028.14,Cadherin;PF00028.14,Cadherin;PF00028.14,Cadherin;PF00028.14,Cadherin;PF00028.14,Cadherin;PF00028.14,Cadherin
TR25587|c0_g4	 PF00028.14,Cadherin;PF00028.14,Cadherin
TR25587|c0_g5	 PF00028.14,Cadherin;PF00028.14,Cadherin;PF00028.14,Cadherin;PF00028.14,Cadherin;PF00028.14,Cadherin
TR25587|c0_g6	 NA
TR25588|c15_g1	 NA
TR25588|c1_g1	 NA
TR25588|c1_g2	 PF00170.18,bZIP_1
TR25588|c5_g1	 NA
TR25592|c0_g1	 PF03357.18,Snf7
TR25592|c2_g2	 NA
TR25592|c2_g3	 NA
TR25592|c3_g1	 PF12796.4,Ank_2;PF12796.4,Ank_2;PF12796.4,Ank_2;PF00520.28,Ion_trans
TR25592|c3_g3	 NA
TR25593|c3_g1	 PF13927.3,Ig_3
TR25593|c3_g2	 NA
TR25593|c4_g2	 PF13927.3,Ig_3;PF00041.18,fn3
TR25593|c5_g1	 NA
TR25594|c1_g1	 NA
TR25597|c10_g1	 NA
TR25597|c5_g1	 PF13927.3,Ig_3
TR25597|c5_g2	 PF13927.3,Ig_3
TR25597|c5_g4	 NA
TR25597|c7_g1	 PF13895.3,Ig_2;PF13927.3,Ig_3
TR25597|c8_g1	 PF13895.3,Ig_2;PF13927.3,Ig_3;PF13927.3,Ig_3;PF13927.3,Ig_3
TR25598|c18_g1	 NA
TR25598|c2_g2	 NA
TR25598|c3_g1	 NA
TR25599|c15_g1	 NA
TR25599|c4_g1	 NA
TR25599|c4_g3	 NA
TR25599|c5_g1	 NA
TR25600|c4_g1	 PF05729.9,NACHT
TR25600|c4_g2	 NA
TR25600|c4_g3	 NA
TR25600|c5_g1	 NA
TR25600|c7_g1	 NA
TR25601|c5_g2	 NA
TR25601|c9_g1	 NA
TR25602|c0_g2	 PF12166.5,Piezo_RRas_bdg
TR25602|c0_g6	 PF15917.2,PIEZO
TR25603|c2_g1	 NA
TR25603|c4_g2	 NA
TR25603|c5_g1	 PF02793.19,HRM;PF00041.18,fn3
TR25603|c5_g5	 PF02793.19,HRM
TR25606|c11_g1	 NA
TR25606|c14_g1	 NA
TR25606|c4_g1	 PF00085.17,Thioredoxin
TR25606|c4_g2	 NA
TR25606|c4_g3	 NA
TR25606|c6_g1	 NA
TR25606|c6_g2	 NA
TR25606|c7_g1	 NA
TR25623|c0_g1	 NA
TR25624|c0_g1	 NA
TR25637|c0_g1	 NA
TR25639|c0_g1	 NA
TR2566|c0_g1	 NA
TR25672|c0_g1	 NA
TR25695|c0_g1	 NA
TR2569|c0_g1	 NA
TR2577|c0_g1	 PF03224.11,V-ATPase_H_N;PF11698.5,V-ATPase_H_C
TR2577|c0_g2	 PF03224.11,V-ATPase_H_N;PF11698.5,V-ATPase_H_C
TR25829|c0_g1	 NA
TR25831|c0_g1	 PF00651.28,BTB;PF07707.12,BACK
TR25866|c0_g1	 NA
TR25867|c0_g1	 NA
TR25890|c0_g1	 NA
TR25919|c1_g1	 NA
TR25924|c1_g2	 NA
TR25925|c0_g1	 PF13664.3,DUF4149
TR25933|c1_g1	 NA
TR25934|c0_g1	 NA
TR25945|c0_g1	 NA
TR25945|c0_g2	 NA
TR25946|c0_g2	 NA
TR25949|c0_g1	 PF04845.10,PurA
TR25950|c0_g2	 NA
TR25955|c0_g1	 NA
TR25956|c0_g1	 PF13639.3,zf-RING_2
TR25956|c0_g2	 PF13445.3,zf-RING_UBOX
TR25958|c1_g1	 NA
TR25963|c0_g1	 PF00665.23,rve
TR25965|c1_g1	 NA
TR25973|c0_g1	 PF01399.24,PCI;PF08375.8,Rpn3_C
TR25973|c3_g1	 NA
TR25974|c0_g1	 NA
TR25974|c0_g2	 NA
TR25975|c0_g1	 NA
TR25975|c1_g1	 NA
TR25977|c0_g1	 NA
TR25985|c4_g1	 NA
TR25992|c0_g1	 PF01557.15,FAA_hydrolase
TR25999|c0_g1	 PF00400.29,WD40
TR25|c0_g1	 NA
TR26000|c0_g1	 PF13419.3,HAD_2
TR26002|c1_g1	 NA
TR26010|c0_g1	 NA
TR26149|c0_g1	 NA
TR26165|c0_g2	 PF00833.15,Ribosomal_S17e
TR26175|c0_g1	 NA
TR26175|c0_g2	 NA
TR26177|c0_g1	 NA
TR26181|c1_g1	 NA
TR26182|c0_g1	 NA
TR26187|c0_g1	 NA
TR261|c0_g1	 PF00240.20,ubiquitin
TR26200|c0_g2	 PF00622.25,SPRY;PF00622.25,SPRY
TR26203|c0_g1	 NA
TR26204|c0_g1	 NA
TR26215|c0_g1	 PF00012.17,HSP70
TR26216|c0_g1	 NA
TR26223|c0_g1	 NA
TR26225|c0_g2	 NA
TR26233|c0_g1	 PF00453.15,Ribosomal_L20
TR26244|c0_g1	 NA
TR2625|c0_g1	 PF01655.15,Ribosomal_L32e
TR26268|c0_g1	 NA
TR26273|c0_g1	 PF15260.3,FAM219A
TR26293|c0_g1	 PF07426.8,Dynactin_p22
TR26295|c0_g1	 NA
TR26305|c0_g1	 NA
TR26307|c0_g1	 NA
TR26322|c0_g1	 PF10561.6,UPF0565;PF10561.6,UPF0565
TR26325|c0_g1	 PF13975.3,gag-asp_proteas
TR26335|c0_g1	 NA
TR26352|c0_g1	 NA
TR26359|c0_g1	 NA
TR26374|c0_g1	 NA
TR26376|c3_g1	 NA
TR26376|c3_g3	 NA
TR26376|c7_g1	 NA
TR26377|c0_g2	 NA
TR26378|c2_g1	 PF03160.11,Calx-beta;PF03160.11,Calx-beta;PF03160.11,Calx-beta;PF03160.11,Calx-beta;PF03160.11,Calx-beta
TR26379|c10_g1	 NA
TR26379|c4_g1	 NA
TR26379|c7_g1	 PF00078.24,RVT_1
TR26379|c8_g1	 PF14529.3,Exo_endo_phos_2
TR26381|c6_g1	 NA
TR26381|c6_g2	 NA
TR26381|c7_g1	 PF00069.22,Pkinase
TR26382|c10_g1	 NA
TR26382|c15_g1	 NA
TR26382|c1_g1	 NA
TR26382|c4_g2	 PF00589.19,Phage_integrase
TR26382|c6_g2	 NA
TR26382|c7_g1	 NA
TR26382|c7_g3	 NA
TR26382|c9_g1	 NA
TR26383|c18_g1	 NA
TR26383|c20_g1	 NA
TR26383|c6_g1	 NA
TR26383|c6_g2	 NA
TR26384|c11_g1	 NA
TR26384|c3_g2	 PF00581.17,Rhodanese;PF00581.17,Rhodanese
TR26384|c6_g1	 NA
TR26384|c6_g2	 PF00443.26,UCH;PF00443.26,UCH
TR26384|c7_g1	 PF13202.3,EF-hand_5;PF13499.3,EF-hand_7;PF00240.20,ubiquitin
TR26384|c8_g1	 NA
TR26384|c9_g1	 NA
TR26385|c2_g2	 PF00653.18,BIR
TR26385|c2_g3	 NA
TR26387|c3_g1	 NA
TR26389|c10_g1	 NA
TR26389|c17_g1	 NA
TR26389|c2_g1	 NA
TR26389|c5_g2	 PF01150.14,GDA1_CD39
TR26389|c8_g1	 NA
TR26390|c1_g2	 NA
TR26390|c3_g1	 PF02037.24,SAP;PF05406.12,WGR
TR26390|c6_g1	 NA
TR26391|c2_g1	 NA
TR26391|c3_g1	 NA
TR26391|c6_g1	 PF00567.21,TUDOR;PF00567.21,TUDOR;PF00069.22,Pkinase
TR26392|c0_g2	 NA
TR26393|c2_g2	 NA
TR26393|c4_g2	 PF07647.14,SAM_2;PF07647.14,SAM_2
TR26394|c12_g1	 NA
TR26394|c5_g1	 PF00282.16,Pyridoxal_deC
TR26394|c5_g3	 NA
TR26394|c6_g1	 NA
TR26394|c6_g2	 NA
TR26394|c6_g3	 NA
TR26394|c8_g1	 PF08953.8,DUF1899;PF00400.29,WD40;PF16300.2,WD40_4;PF08953.8,DUF1899;PF00400.29,WD40
TR26394|c9_g2	 NA
TR26394|c9_g3	 NA
TR26395|c0_g1	 NA
TR26395|c0_g2	 NA
TR26395|c12_g1	 NA
TR26395|c2_g1	 PF00069.22,Pkinase
TR26395|c3_g1	 NA
TR26395|c6_g1	 NA
TR26395|c8_g1	 PF00069.22,Pkinase;PF00069.22,Pkinase
TR26395|c9_g1	 NA
TR26396|c10_g1	 NA
TR26396|c11_g1	 NA
TR26396|c11_g3	 PF02755.12,RPEL
TR26396|c3_g1	 NA
TR26396|c7_g1	 NA
TR26396|c9_g1	 NA
TR26397|c0_g1	 NA
TR26397|c10_g1	 NA
TR26397|c3_g1	 PF00047.22,ig
TR26397|c5_g2	 NA
TR26397|c7_g1	 NA
TR26397|c8_g1	 NA
TR26398|c1_g1	 NA
TR26399|c1_g1	 NA
TR26401|c2_g1	 PF00621.17,RhoGEF;PF16652.2,PH_13
TR26403|c0_g1	 NA
TR26403|c13_g1	 NA
TR26403|c16_g1	 NA
TR26403|c18_g1	 NA
TR26403|c3_g1	 NA
TR26403|c4_g2	 NA
TR26403|c4_g3	 NA
TR26403|c5_g2	 PF03178.12,CPSF_A;PF10433.6,MMS1_N
TR26403|c6_g1	 PF00328.19,His_Phos_2
TR26403|c8_g1	 NA
TR26404|c0_g1	 NA
TR26404|c1_g1	 NA
TR26405|c0_g2	 NA
TR26406|c0_g1	 PF02146.14,SIR2
TR26406|c0_g2	 PF02146.14,SIR2
TR26406|c12_g1	 NA
TR26406|c17_g1	 NA
TR26406|c5_g1	 NA
TR26406|c6_g1	 NA
TR26406|c6_g2	 PF10259.6,Rogdi_lz
TR26406|c9_g1	 NA
TR26407|c0_g1	 NA
TR26408|c2_g2	 NA
TR26408|c4_g1	 NA
TR26408|c4_g3	 NA
TR26408|c6_g2	 NA
TR26408|c8_g1	 NA
TR26408|c8_g2	 NA
TR26409|c10_g1	 NA
TR26409|c11_g1	 NA
TR26409|c15_g1	 NA
TR26409|c8_g1	 NA
TR26410|c11_g1	 NA
TR26410|c1_g1	 NA
TR26411|c3_g1	 PF01391.15,Collagen;PF01391.15,Collagen;PF01391.15,Collagen;PF01391.15,Collagen
TR26412|c0_g2	 PF00122.17,E1-E2_ATPase
TR26414|c1_g1	 PF08246.9,Inhibitor_I29;PF00112.20,Peptidase_C1
TR26415|c0_g1	 PF06602.11,Myotub-related
TR26415|c1_g1	 PF12697.4,Abhydrolase_6
TR26415|c1_g2	 NA
TR26415|c2_g2	 PF01590.23,GAF;PF01590.23,GAF
TR26417|c0_g2	 NA
TR26418|c0_g1	 NA
TR26418|c1_g1	 NA
TR26418|c1_g2	 NA
TR26418|c2_g1	 NA
TR26418|c3_g1	 NA
TR26418|c5_g1	 PF13229.3,Beta_helix
TR26418|c6_g1	 NA
TR26421|c1_g1	 PF00078.24,RVT_1
TR26421|c1_g5	 NA
TR26422|c10_g1	 NA
TR26422|c14_g1	 NA
TR26422|c5_g1	 NA
TR26422|c6_g2	 NA
TR26422|c9_g1	 NA
TR26422|c9_g6	 NA
TR26423|c4_g1	 NA
TR26423|c4_g2	 PF00149.25,Metallophos;PF00149.25,Metallophos
TR26424|c0_g1	 PF13621.3,Cupin_8
TR26425|c13_g1	 PF13499.3,EF-hand_7;PF13202.3,EF-hand_5;PF13499.3,EF-hand_7;PF13499.3,EF-hand_7;PF13499.3,EF-hand_7
TR26425|c15_g1	 NA
TR26425|c8_g2	 NA
TR26425|c9_g1	 PF08616.7,SPA
TR26425|c9_g2	 NA
TR26426|c7_g3	 NA
TR26427|c0_g1	 NA
TR26427|c4_g1	 NA
TR26427|c5_g2	 PF13639.3,zf-RING_2
TR26428|c0_g2	 PF11978.5,MVP_shoulder
TR26428|c0_g3	 NA
TR26430|c3_g1	 NA
TR26430|c3_g2	 NA
TR26430|c4_g1	 PF07287.8,DUF1446
TR26430|c5_g1	 PF00071.19,Ras
TR26431|c10_g1	 NA
TR26431|c11_g1	 NA
TR26431|c14_g1	 NA
TR26431|c3_g1	 PF00004.26,AAA
TR26431|c4_g1	 NA
TR26431|c6_g3	 PF09070.8,PFU
TR26431|c6_g4	 PF00400.29,WD40;PF00400.29,WD40
TR26432|c0_g1	 PF00899.18,ThiF
TR26432|c0_g2	 NA
TR26433|c11_g1	 NA
TR26433|c7_g1	 NA
TR26433|c8_g1	 NA
TR26433|c9_g2	 NA
TR26434|c10_g2	 NA
TR26434|c11_g1	 NA
TR26434|c20_g1	 NA
TR26434|c3_g1	 PF00018.25,SH3_1
TR26434|c3_g2	 PF13716.3,CRAL_TRIO_2;PF00620.24,RhoGAP
TR26434|c5_g1	 NA
TR26434|c8_g1	 NA
TR26434|c8_g2	 NA
TR26436|c0_g2	 NA
TR26437|c0_g2	 PF03676.11,UPF0183
TR26438|c0_g1	 NA
TR26438|c10_g2	 NA
TR26438|c11_g1	 NA
TR26438|c12_g1	 NA
TR26438|c12_g2	 NA
TR26438|c1_g1	 NA
TR26438|c21_g1	 NA
TR26438|c23_g1	 PF00270.26,DEAD;PF00271.28,Helicase_C
TR26439|c0_g1	 NA
TR26439|c1_g1	 PF00071.19,Ras;PF16512.2,RhoGAP-FF1
TR26439|c1_g2	 NA
TR26440|c1_g1	 PF12796.4,Ank_2;PF00520.28,Ion_trans
TR26440|c1_g2	 PF00520.28,Ion_trans
TR26441|c11_g1	 PF00867.15,XPG_I
TR26441|c12_g1	 NA
TR26441|c12_g3	 NA
TR26441|c13_g1	 NA
TR26441|c13_g2	 PF02696.11,UPF0061
TR26441|c5_g1	 NA
TR26441|c9_g1	 NA
TR26442|c1_g2	 NA
TR26443|c1_g1	 NA
TR26443|c3_g1	 NA
TR26443|c3_g2	 NA
TR26444|c0_g1	 NA
TR26444|c2_g2	 NA
TR26444|c4_g1	 NA
TR26444|c4_g3	 NA
TR26444|c4_g4	 NA
TR26444|c4_g5	 PF05225.13,HTH_psq;PF03184.16,DDE_1
TR26444|c7_g1	 NA
TR26445|c11_g1	 PF00071.19,Ras
TR26445|c12_g1	 NA
TR26445|c15_g1	 NA
TR26445|c2_g1	 NA
TR26445|c2_g2	 NA
TR26445|c3_g1	 NA
TR26446|c14_g1	 NA
TR26446|c8_g2	 NA
TR26446|c9_g1	 NA
TR26447|c13_g1	 NA
TR26447|c6_g1	 NA
TR26448|c0_g1	 NA
TR26448|c0_g2	 NA
TR26448|c10_g2	 PF00001.18,7tm_1
TR26448|c2_g1	 NA
TR26448|c2_g2	 NA
TR26448|c4_g1	 NA
TR26448|c6_g1	 PF00535.23,Glycos_transf_2
TR26448|c9_g2	 NA
TR26448|c9_g3	 PF12796.4,Ank_2;PF12796.4,Ank_2;PF08477.10,Roc;PF16095.2,COR
TR26449|c0_g2	 NA
TR26451|c11_g2	 NA
TR26451|c12_g1	 NA
TR26451|c20_g1	 NA
TR26451|c5_g3	 NA
TR26453|c14_g1	 NA
TR26453|c3_g1	 NA
TR26453|c5_g1	 NA
TR26453|c9_g1	 PF01082.17,Cu2_monooxygen
TR26454|c0_g1	 NA
TR26455|c0_g2	 NA
TR26455|c10_g1	 PF12146.5,Hydrolase_4
TR26455|c13_g2	 NA
TR26455|c16_g1	 NA
TR26455|c17_g1	 NA
TR26455|c1_g1	 NA
TR26455|c23_g1	 NA
TR26455|c6_g1	 PF03051.12,Peptidase_C1_2
TR26455|c8_g1	 NA
TR26455|c9_g1	 NA
TR26456|c3_g1	 NA
TR26456|c3_g2	 PF00615.16,RGS;PF00069.22,Pkinase
TR26456|c7_g1	 NA
TR26458|c0_g1	 NA
TR26460|c0_g1	 PF00452.16,Bcl-2
TR26460|c12_g1	 NA
TR26460|c13_g1	 NA
TR26460|c4_g1	 NA
TR26460|c5_g1	 PF02630.11,SCO1-SenC
TR26460|c6_g1	 PF14792.3,DNA_pol_B_palm;PF14791.3,DNA_pol_B_thumb
TR26460|c6_g2	 PF00533.23,BRCT;PF14716.3,HHH_8;PF10391.6,DNA_pol_lambd_f
TR26460|c8_g1	 NA
TR26462|c3_g1	 NA
TR26462|c4_g1	 PF00069.22,Pkinase;PF00069.22,Pkinase
TR26462|c7_g1	 NA
TR26463|c0_g2	 PF00071.19,Ras
TR26463|c1_g1	 PF02375.14,JmjN;PF02373.19,JmjC
TR26463|c1_g2	 PF02373.19,JmjC;PF13831.3,PHD_2;PF13832.3,zf-HC5HC2H_2
TR26463|c2_g1	 NA
TR26464|c14_g1	 NA
TR26466|c5_g1	 NA
TR26467|c0_g1	 PF01157.15,Ribosomal_L21e
TR26467|c1_g1	 NA
TR26468|c1_g1	 PF00168.27,C2;PF00168.27,C2;PF00168.27,C2
TR26469|c0_g1	 PF00067.19,p450;PF00067.19,p450
TR26470|c0_g1	 NA
TR26470|c2_g2	 NA
TR26470|c2_g3	 PF01344.22,Kelch_1
TR26470|c2_g4	 PF01344.22,Kelch_1;PF01344.22,Kelch_1
TR26470|c2_g5	 PF01344.22,Kelch_1
TR26470|c2_g6	 PF13418.3,Kelch_4
TR26471|c0_g1	 PF13086.3,AAA_11;PF13086.3,AAA_11;PF13087.3,AAA_12
TR26471|c13_g1	 NA
TR26471|c3_g2	 PF13086.3,AAA_11;PF13087.3,AAA_12
TR26471|c8_g1	 PF00270.26,DEAD;PF00271.28,Helicase_C;PF00271.28,Helicase_C
TR26471|c9_g1	 PF09358.7,E1_UFD
TR26472|c4_g1	 NA
TR26472|c6_g1	 NA
TR26472|c9_g2	 NA
TR26472|c9_g3	 NA
TR26472|c9_g4	 NA
TR26473|c1_g1	 NA
TR26473|c4_g1	 PF01363.18,FYVE
TR26473|c5_g1	 NA
TR26477|c0_g1	 PF00010.23,HLH;PF13426.4,PAS_9;PF14598.3,PAS_11
TR26484|c0_g1	 NA
TR26499|c0_g1	 NA
TR26502|c0_g1	 PF13148.3,DUF3987
TR26512|c0_g1	 PF12796.4,Ank_2
TR26512|c1_g1	 PF12796.4,Ank_2
TR26516|c0_g1	 PF13516.3,LRR_6;PF13516.3,LRR_6;PF13516.3,LRR_6
TR26518|c0_g1	 PF02969.14,TAF;PF07571.10,TAF6_C
TR26520|c0_g1	 NA
TR26525|c0_g1	 NA
TR26529|c0_g1	 PF05022.9,SRP40_C
TR26536|c0_g1	 NA
TR26541|c0_g2	 PF00612.24,IQ
TR26542|c0_g1	 PF00384.19,Molybdopterin
TR26548|c0_g3	 PF00071.19,Ras
TR26552|c0_g1	 NA
TR26557|c0_g1	 NA
TR26567|c0_g1	 NA
TR26568|c0_g1	 PF00589.19,Phage_integrase
TR26576|c0_g1	 NA
TR26584|c0_g1	 PF00497.17,SBP_bac_3
TR26584|c1_g1	 NA
TR26585|c0_g1	 PF14492.3,EFG_II;PF03764.15,EFG_IV;PF00679.21,EFG_C
TR26598|c0_g1	 NA
TR26599|c0_g1	 NA
TR26605|c1_g1	 PF03128.11,CXCXC;PF03128.11,CXCXC;PF03128.11,CXCXC;PF03128.11,CXCXC;PF03128.11,CXCXC;PF03128.11,CXCXC
TR26607|c0_g1	 PF13181.3,TPR_8;PF13432.3,TPR_16;PF14559.3,TPR_19;PF14559.3,TPR_19;PF13181.3,TPR_8
TR26608|c1_g1	 NA
TR26609|c0_g1	 NA
TR26612|c0_g1	 NA
TR26620|c1_g1	 NA
TR26621|c0_g2	 NA
TR26624|c0_g1	 PF00153.24,Mito_carr;PF00153.24,Mito_carr;PF00153.24,Mito_carr
TR26625|c0_g1	 PF00071.19,Ras
TR26626|c0_g1	 PF05631.11,MFS_5
TR26626|c1_g1	 NA
TR26627|c0_g1	 PF00022.16,Actin
TR26631|c0_g1	 NA
TR26631|c1_g1	 NA
TR26641|c0_g1	 PF04750.11,Far-17a_AIG1
TR26645|c0_g1	 PF01778.14,Ribosomal_L28e;PF04874.11,Mak16
TR26645|c0_g2	 PF01778.14,Ribosomal_L28e;PF04874.11,Mak16
TR26646|c0_g1	 PF00656.19,Peptidase_C14
TR26647|c0_g1	 NA
TR26648|c1_g1	 PF03810.16,IBN_N;PF08506.7,Cse1;PF03378.12,CAS_CSE1
TR26648|c1_g2	 PF03810.16,IBN_N;PF08506.7,Cse1;PF03378.12,CAS_CSE1
TR2664|c1_g1	 NA
TR26654|c0_g1	 NA
TR26655|c1_g1	 PF02469.19,Fasciclin
TR26656|c0_g2	 PF01734.19,Patatin
TR26659|c0_g1	 PF04981.10,NMD3
TR26660|c0_g1	 NA
TR26660|c0_g2	 PF00248.18,Aldo_ket_red
TR26662|c0_g1	 PF00069.22,Pkinase
TR26671|c0_g2	 NA
TR26671|c1_g1	 NA
TR26673|c0_g1	 PF00168.27,C2;PF00168.27,C2;PF00616.16,RasGAP;PF00169.26,PH;PF00779.16,BTK
TR26673|c2_g1	 NA
TR26676|c0_g3	 PF05773.19,RWD
TR26679|c0_g1	 PF00013.26,KH_1;PF00013.26,KH_1;PF00536.27,SAM_1
TR26683|c0_g2	 NA
TR26683|c0_g3	 NA
TR26685|c0_g1	 NA
TR26687|c0_g2	 NA
TR26687|c1_g1	 PF09587.7,PGA_cap
TR26691|c0_g2	 PF01157.15,Ribosomal_L21e
TR26696|c0_g1	 PF02776.15,TPP_enzyme_N;PF00205.19,TPP_enzyme_M;PF02775.18,TPP_enzyme_C
TR26697|c0_g1	 PF04048.11,Sec8_exocyst
TR26697|c0_g2	 NA
TR26698|c0_g1	 NA
TR26698|c0_g2	 NA
TR26698|c1_g1	 NA
TR26702|c1_g1	 NA
TR26702|c3_g1	 PF00665.23,rve
TR26715|c0_g1	 NA
TR26720|c0_g1	 NA
TR26723|c0_g1	 NA
TR26724|c0_g1	 NA
TR26744|c0_g1	 NA
TR2678|c1_g1	 NA
TR267|c0_g1	 PF00378.17,ECH_1
TR267|c0_g2	 NA
TR26814|c1_g1	 NA
TR26820|c0_g1	 NA
TR26820|c0_g2	 NA
TR26823|c0_g1	 PF16906.2,Ribosomal_L26;PF00467.26,KOW
TR26823|c0_g2	 PF16906.2,Ribosomal_L26;PF00467.26,KOW
TR26824|c1_g1	 NA
TR26830|c0_g1	 NA
TR26837|c0_g1	 NA
TR26875|c0_g1	 PF03941.12,INCENP_ARK-bind
TR26877|c0_g1	 NA
TR26878|c0_g1	 NA
TR26903|c0_g1	 NA
TR26908|c0_g1	 PF00651.28,BTB;PF07707.12,BACK;PF01344.22,Kelch_1;PF01344.22,Kelch_1;PF01344.22,Kelch_1;PF01344.22,Kelch_1;PF01344.22,Kelch_1
TR26916|c0_g1	 NA
TR26925|c0_g1	 NA
TR26930|c0_g1	 NA
TR2693|c0_g2	 NA
TR26947|c0_g1	 NA
TR26950|c0_g1	 PF00226.28,DnaJ
TR26963|c0_g1	 PF02902.16,Peptidase_C48
TR26979|c0_g1	 NA
TR26994|c0_g1	 NA
TR26995|c0_g2	 PF07258.11,HCaRG
TR26995|c1_g1	 NA
TR26996|c0_g1	 PF08711.8,Med26;PF06881.8,Elongin_A
TR26999|c1_g1	 NA
TR2699|c0_g1	 NA
TR27001|c0_g1	 NA
TR27004|c0_g1	 NA
TR27004|c1_g1	 NA
TR27004|c2_g1	 NA
TR27006|c0_g1	 NA
TR27006|c0_g2	 PF00732.16,GMC_oxred_N;PF05199.10,GMC_oxred_C
TR27008|c2_g1	 NA
TR27011|c0_g1	 PF10280.6,Med11
TR2701|c0_g1	 NA
TR27020|c5_g1	 NA
TR27023|c0_g1	 NA
TR27024|c0_g1	 NA
TR27024|c2_g1	 NA
TR27027|c0_g1	 PF06179.9,Med22
TR27037|c0_g1	 PF09799.6,Transmemb_17
TR27042|c0_g1	 PF00400.29,WD40
TR27046|c0_g2	 NA
TR27049|c0_g1	 NA
TR27050|c0_g1	 NA
TR27050|c1_g1	 NA
TR27053|c0_g2	 NA
TR27054|c0_g1	 PF13857.3,Ank_5;PF01734.19,Patatin;PF01734.19,Patatin
TR27056|c0_g1	 NA
TR27056|c0_g2	 PF04193.11,PQ-loop;PF04193.11,PQ-loop
TR27057|c0_g2	 NA
TR27058|c0_g1	 NA
TR27059|c0_g1	 PF03364.17,Polyketide_cyc
TR27059|c1_g1	 NA
TR27061|c0_g1	 NA
TR27062|c1_g1	 NA
TR27063|c0_g1	 PF01485.18,IBR;PF01485.18,IBR
TR27065|c0_g1	 PF14291.3,DUF4371
TR27065|c1_g1	 NA
TR27066|c1_g1	 NA
TR27068|c0_g1	 PF10229.6,DUF2246
TR27069|c1_g1	 NA
TR27070|c0_g2	 NA
TR27073|c0_g1	 PF13499.3,EF-hand_7
TR27073|c1_g1	 NA
TR27075|c0_g1	 PF13513.3,HEAT_EZ
TR27076|c0_g2	 NA
TR27080|c1_g1	 NA
TR27082|c1_g1	 NA
TR27084|c0_g1	 PF00076.19,RRM_1
TR27101|c0_g1	 NA
TR27114|c0_g1	 NA
TR27118|c0_g2	 PF10584.6,Proteasome_A_N;PF00227.23,Proteasome
TR27121|c0_g1	 NA
TR27126|c0_g1	 PF00041.18,fn3
TR27129|c0_g2	 NA
TR27133|c0_g2	 NA
TR27143|c0_g1	 NA
TR27146|c0_g1	 NA
TR27148|c0_g1	 NA
TR27148|c1_g1	 NA
TR27148|c2_g1	 NA
TR27166|c0_g1	 NA
TR27178|c0_g2	 NA
TR27179|c0_g1	 NA
TR2717|c0_g1	 PF07732.12,Cu-oxidase_3;PF00394.19,Cu-oxidase;PF07731.11,Cu-oxidase_2
TR27181|c0_g1	 PF06677.9,Auto_anti-p27
TR27182|c0_g1	 PF02992.11,Transposase_21;PF06869.9,DUF1258
TR27184|c0_g1	 NA
TR2718|c12_g1	 PF09073.7,BUD22
TR2718|c16_g1	 NA
TR2718|c17_g1	 NA
TR2718|c1_g1	 NA
TR2718|c21_g1	 NA
TR2718|c22_g1	 NA
TR2718|c25_g1	 NA
TR2718|c4_g1	 NA
TR2718|c9_g1	 NA
TR27193|c0_g1	 NA
TR2720|c1_g2	 NA
TR27215|c0_g1	 NA
TR27223|c0_g1	 NA
TR27224|c0_g1	 NA
TR27237|c0_g1	 NA
TR2723|c11_g1	 NA
TR2723|c13_g1	 NA
TR2723|c14_g1	 NA
TR2723|c1_g1	 NA
TR2723|c4_g1	 NA
TR2723|c8_g3	 NA
TR2723|c8_g4	 PF00078.24,RVT_1
TR27242|c0_g1	 NA
TR27247|c0_g1	 PF03166.11,MH2
TR2724|c0_g1	 PF02176.15,zf-TRAF;PF02176.15,zf-TRAF
TR2725|c2_g1	 PF00155.18,Aminotran_1_2
TR2725|c3_g1	 NA
TR2725|c4_g1	 NA
TR27267|c0_g1	 NA
TR2727|c3_g1	 NA
TR2727|c6_g2	 NA
TR27282|c0_g1	 PF14050.3,Nudc_N;PF04969.13,CS
TR2728|c3_g1	 NA
TR2728|c5_g1	 NA
TR2729|c1_g2	 NA
TR2729|c5_g1	 PF00084.17,Sushi;PF00080.17,Sod_Cu
TR2729|c7_g1	 PF00080.17,Sod_Cu
TR27311|c0_g1	 NA
TR27314|c0_g1	 NA
TR2731|c1_g2	 PF00560.30,LRR_1
TR27329|c0_g1	 PF00756.17,Esterase
TR2732|c6_g1	 PF00091.22,Tubulin;PF03953.14,Tubulin_C
TR2732|c6_g2	 PF03953.14,Tubulin_C
TR27338|c0_g2	 NA
TR2733|c0_g1	 PF00782.17,DSPc;PF01331.16,mRNA_cap_enzyme;PF03919.12,mRNA_cap_C
TR27349|c0_g1	 NA
TR2734|c0_g1	 PF00067.19,p450;PF00067.19,p450
TR2734|c1_g1	 NA
TR27353|c0_g1	 NA
TR27353|c0_g2	 NA
TR27354|c0_g1	 NA
TR27354|c0_g2	 PF04042.13,DNA_pol_E_B
TR27355|c0_g1	 PF10277.6,Frag1
TR27357|c1_g1	 NA
TR27357|c3_g2	 NA
TR27358|c0_g1	 PF04140.11,ICMT
TR2735|c0_g1	 NA
TR2735|c1_g1	 PF00176.20,SNF2_N;PF00271.28,Helicase_C
TR2735|c1_g2	 PF09110.8,HAND
TR2735|c2_g1	 NA
TR27360|c0_g3	 PF13812.3,PPR_3;PF01535.17,PPR
TR27361|c0_g1	 NA
TR27365|c4_g1	 NA
TR27368|c1_g1	 PF01661.18,Macro
TR27369|c0_g1	 PF13085.3,Fer2_3;PF13534.3,Fer4_17
TR27369|c1_g1	 NA
TR2736|c4_g1	 NA
TR27370|c0_g1	 PF12796.4,Ank_2
TR27372|c0_g1	 PF01851.19,PC_rep;PF01851.19,PC_rep;PF13646.3,HEAT_2
TR27373|c0_g1	 NA
TR27373|c2_g1	 PF00084.17,Sushi;PF00530.15,SRCR;PF00084.17,Sushi;PF00084.17,Sushi
TR27374|c0_g1	 NA
TR27375|c0_g2	 PF00078.24,RVT_1
TR27376|c1_g2	 PF00094.22,VWD;PF08742.8,C8;PF01826.14,TIL;PF13927.3,Ig_3;PF02793.19,HRM;PF02793.19,HRM;PF01825.18,GPS;PF00002.21,7tm_2
TR27376|c2_g1	 NA
TR27376|c5_g1	 NA
TR27377|c0_g1	 NA
TR27378|c1_g1	 NA
TR27379|c1_g1	 NA
TR2737|c1_g1	 NA
TR2737|c1_g2	 NA
TR27380|c0_g2	 PF00118.21,Cpn60_TCP1
TR27383|c0_g1	 PF00483.20,NTP_transferase;PF00288.23,GHMP_kinases_N
TR27386|c0_g2	 PF04784.11,DUF547
TR27387|c2_g1	 NA
TR27388|c0_g1	 PF08969.8,USP8_dimer
TR27389|c0_g2	 NA
TR27389|c1_g1	 PF00619.18,CARD;PF00531.19,Death
TR27389|c2_g1	 NA
TR2738|c0_g1	 PF08676.8,MutL_C
TR2738|c0_g2	 PF13589.3,HATPase_c_3;PF01119.16,DNA_mis_repair
TR27391|c1_g1	 PF04177.9,TAP42
TR27393|c0_g2	 PF08424.7,NRDE-2
TR27393|c1_g2	 NA
TR27394|c0_g1	 PF02434.13,Fringe
TR27396|c0_g1	 NA
TR27396|c1_g1	 NA
TR2739|c0_g1	 PF15558.3,DUF4659
TR27400|c0_g1	 PF10367.6,Vps39_2
TR27401|c0_g3	 NA
TR27402|c0_g1	 PF09607.7,BrkDBD;PF03221.13,HTH_Tnp_Tc5
TR27402|c1_g1	 PF00153.24,Mito_carr;PF00153.24,Mito_carr
TR27403|c1_g1	 NA
TR27403|c2_g1	 PF03152.11,UFD1
TR27404|c4_g1	 PF00084.17,Sushi;PF00084.17,Sushi;PF00084.17,Sushi;PF00084.17,Sushi
TR27404|c5_g1	 PF00530.15,SRCR;PF00530.15,SRCR
TR27405|c0_g1	 PF13923.3,zf-C3HC4_2;PF02176.15,zf-TRAF;PF02176.15,zf-TRAF
TR27405|c0_g2	 NA
TR27406|c0_g1	 NA
TR27407|c0_g1	 NA
TR27408|c0_g1	 PF02145.12,Rap_GAP
TR2740|c1_g1	 NA
TR2740|c1_g2	 PF07714.14,Pkinase_Tyr
TR27410|c0_g1	 NA
TR27410|c0_g2	 PF08313.9,SCA7
TR27411|c0_g1	 NA
TR27412|c0_g1	 NA
TR27412|c1_g1	 NA
TR27413|c0_g1	 NA
TR27415|c0_g1	 PF02779.21,Transket_pyr;PF02780.17,Transketolase_C
TR27415|c3_g1	 NA
TR27416|c0_g1	 PF01388.18,ARID
TR27418|c0_g1	 NA
TR27420|c0_g1	 PF10190.6,Tmemb_170
TR27421|c0_g1	 PF00082.19,Peptidase_S8
TR27423|c0_g1	 NA
TR27425|c0_g1	 PF07842.9,GCFC
TR27426|c0_g2	 NA
TR27426|c1_g2	 NA
TR27429|c0_g1	 NA
TR2742|c1_g1	 NA
TR2742|c1_g2	 PF05225.13,HTH_psq;PF03184.16,DDE_1
TR27433|c1_g1	 NA
TR27435|c0_g1	 PF10176.6,DUF2370
TR27437|c0_g1	 PF13927.3,Ig_3
TR27438|c0_g1	 NA
TR27441|c1_g2	 PF00656.19,Peptidase_C14
TR27441|c2_g1	 PF00656.19,Peptidase_C14
TR27442|c0_g1	 PF13704.3,Glyco_tranf_2_4;PF01755.14,Glyco_transf_25
TR27448|c0_g1	 NA
TR27449|c0_g2	 NA
TR2744|c1_g3	 PF01369.17,Sec7;PF16453.2,IQ_SEC7_PH
TR2744|c2_g1	 NA
TR27451|c1_g1	 NA
TR27456|c0_g1	 PF04969.13,CS
TR2745|c4_g1	 NA
TR2745|c4_g2	 NA
TR2745|c6_g2	 NA
TR2745|c8_g1	 NA
TR27467|c0_g1	 NA
TR2746|c10_g1	 PF13854.3,Kelch_5;PF13964.3,Kelch_6;PF13415.3,Kelch_3;PF13854.3,Kelch_5
TR2746|c2_g1	 NA
TR2746|c6_g1	 NA
TR2746|c7_g1	 NA
TR2746|c8_g1	 PF00651.28,BTB;PF07707.12,BACK;PF07534.13,TLD
TR2746|c8_g2	 NA
TR2746|c9_g1	 NA
TR2746|c9_g2	 NA
TR27473|c0_g1	 NA
TR2748|c2_g1	 NA
TR2748|c3_g1	 PF00186.16,DHFR_1
TR2749|c0_g1	 NA
TR2749|c11_g2	 NA
TR2749|c12_g1	 PF00069.22,Pkinase
TR2749|c14_g1	 NA
TR2749|c1_g2	 NA
TR2749|c20_g1	 NA
TR2749|c2_g1	 PF03942.12,DTW
TR2749|c4_g1	 NA
TR2749|c5_g1	 NA
TR2749|c6_g1	 NA
TR2749|c6_g2	 PF02136.17,NTF2
TR2749|c7_g1	 NA
TR2749|c9_g1	 NA
TR2749|c9_g2	 PF04145.12,Ctr
TR27505|c0_g1	 NA
TR27507|c0_g1	 NA
TR2750|c0_g1	 PF01805.17,Surp;PF04818.10,CTD_bind
TR2750|c1_g1	 NA
TR2750|c2_g1	 NA
TR27516|c0_g1	 NA
TR27517|c0_g1	 NA
TR2751|c0_g1	 NA
TR2751|c0_g2	 PF13516.3,LRR_6
TR27522|c0_g1	 NA
TR2752|c0_g1	 NA
TR27536|c0_g1	 PF00076.19,RRM_1;PF00076.19,RRM_1;PF00076.19,RRM_1;PF14709.4,DND1_DSRM
TR2753|c0_g2	 PF01699.21,Na_Ca_ex
TR2753|c1_g1	 NA
TR27544|c0_g1	 PF02779.21,Transket_pyr;PF02779.21,Transket_pyr;PF02780.17,Transketolase_C
TR27544|c0_g2	 PF02779.21,Transket_pyr;PF02780.17,Transketolase_C
TR27550|c0_g1	 NA
TR27559|c1_g1	 NA
TR2755|c0_g1	 NA
TR27560|c0_g1	 NA
TR27562|c0_g1	 NA
TR27568|c0_g1	 PF15353.3,HECA;PF16002.2,Headcase
TR27569|c0_g1	 PF00240.20,ubiquitin
TR2756|c1_g1	 NA
TR27583|c0_g1	 NA
TR27584|c0_g1	 NA
TR27587|c0_g2	 NA
TR2758|c0_g1	 NA
TR2758|c3_g1	 NA
TR2758|c3_g2	 NA
TR27596|c0_g1	 NA
TR27599|c1_g1	 NA
TR2759|c11_g1	 NA
TR2759|c17_g1	 NA
TR2759|c4_g1	 NA
TR2759|c7_g1	 NA
TR2759|c8_g1	 PF04438.13,zf-HIT
TR27602|c0_g1	 NA
TR2760|c11_g1	 PF00530.15,SRCR;PF00530.15,SRCR;PF00530.15,SRCR;PF00530.15,SRCR;PF00084.17,Sushi;PF00084.17,Sushi
TR2760|c12_g1	 NA
TR2760|c13_g1	 NA
TR2760|c8_g1	 PF01565.20,FAD_binding_4;PF02913.16,FAD-oxidase_C;PF02913.16,FAD-oxidase_C
TR2760|c9_g2	 NA
TR27614|c0_g1	 PF08217.8,DUF1712;PF08217.8,DUF1712
TR27627|c0_g1	 NA
TR2763|c0_g1	 PF01436.18,NHL
TR2763|c0_g2	 NA
TR27648|c0_g1	 NA
TR27648|c0_g2	 NA
TR27648|c0_g3	 NA
TR2764|c2_g1	 NA
TR27654|c0_g1	 PF13419.3,HAD_2
TR2765|c15_g1	 PF03184.16,DDE_1
TR2765|c18_g1	 NA
TR2765|c1_g1	 PF14704.3,DERM
TR2765|c1_g2	 NA
TR2765|c20_g1	 NA
TR2765|c2_g1	 NA
TR2765|c7_g2	 NA
TR2765|c8_g2	 NA
TR27661|c0_g1	 NA
TR2766|c1_g1	 PF00270.26,DEAD
TR27678|c0_g1	 NA
TR2767|c5_g1	 NA
TR2768|c0_g1	 PF12796.4,Ank_2
TR2768|c1_g1	 PF12796.4,Ank_2;PF00023.27,Ank;PF12796.4,Ank_2;PF00023.27,Ank;PF12796.4,Ank_2
TR27693|c0_g1	 NA
TR2769|c3_g1	 NA
TR2769|c3_g2	 PF00169.26,PH;PF00621.17,RhoGEF;PF00618.17,RasGEF_N;PF00617.16,RasGEF
TR2770|c3_g1	 NA
TR2770|c4_g1	 NA
TR2770|c4_g2	 NA
TR2771|c2_g1	 NA
TR2772|c11_g1	 NA
TR2772|c12_g1	 NA
TR2772|c13_g1	 NA
TR2772|c34_g1	 NA
TR2772|c3_g1	 NA
TR2772|c6_g2	 NA
TR2772|c7_g1	 NA
TR27737|c0_g1	 NA
TR2773|c0_g1	 PF01436.18,NHL;PF01436.18,NHL
TR27740|c0_g1	 NA
TR27740|c0_g2	 PF12937.4,F-box-like;PF00622.25,SPRY
TR2774|c3_g1	 PF08161.9,NUC173
TR2774|c4_g1	 NA
TR27755|c0_g1	 PF14640.3,TMEM223
TR27757|c0_g1	 NA
TR27768|c0_g1	 NA
TR27768|c0_g2	 NA
TR2776|c0_g1	 NA
TR2776|c1_g1	 NA
TR2776|c4_g1	 NA
TR27772|c0_g2	 NA
TR27779|c0_g2	 NA
TR2777|c4_g3	 NA
TR2777|c4_g4	 NA
TR2777|c5_g3	 NA
TR2777|c5_g4	 NA
TR2777|c5_g5	 PF13516.3,LRR_6
TR2777|c8_g1	 NA
TR27787|c0_g1	 NA
TR2778|c0_g1	 NA
TR2778|c1_g1	 NA
TR2778|c4_g1	 PF01826.14,TIL;PF01826.14,TIL;PF01826.14,TIL
TR2778|c6_g2	 PF01826.14,TIL
TR2778|c8_g1	 NA
TR2778|c8_g2	 NA
TR2778|c9_g1	 PF01826.14,TIL;PF01826.14,TIL
TR2778|c9_g2	 PF01826.14,TIL
TR27804|c0_g1	 PF10256.6,Erf4
TR27804|c1_g1	 NA
TR27806|c1_g1	 NA
TR27808|c0_g1	 NA
TR2780|c0_g2	 PF15797.2,DUF4706
TR27813|c0_g1	 PF01248.23,Ribosomal_L7Ae
TR27814|c0_g1	 PF02878.13,PGM_PMM_I;PF02879.13,PGM_PMM_II;PF02880.13,PGM_PMM_III
TR27814|c5_g1	 NA
TR27815|c0_g2	 NA
TR2781|c3_g1	 PF10237.6,N6-adenineMlase
TR2781|c4_g2	 PF00069.22,Pkinase;PF00069.22,Pkinase
TR2781|c5_g1	 NA
TR2781|c6_g1	 NA
TR27825|c0_g2	 PF13358.3,DDE_3
TR2782|c7_g1	 NA
TR2782|c9_g3	 NA
TR27830|c0_g2	 NA
TR27830|c4_g1	 NA
TR27831|c0_g1	 NA
TR27834|c0_g1	 NA
TR27835|c0_g2	 NA
TR27836|c0_g1	 NA
TR27838|c2_g1	 NA
TR2783|c10_g1	 NA
TR2783|c4_g1	 PF00564.21,PB1
TR2783|c4_g2	 PF00564.21,PB1;PF00130.19,C1_1;PF00069.22,Pkinase;PF00433.21,Pkinase_C
TR2783|c5_g2	 PF00892.17,EamA
TR2783|c6_g1	 NA
TR2783|c6_g3	 NA
TR2783|c7_g1	 NA
TR27849|c0_g1	 NA
TR2784|c3_g2	 NA
TR2784|c3_g3	 NA
TR27851|c0_g1	 NA
TR2785|c0_g1	 NA
TR2785|c18_g1	 NA
TR2785|c2_g1	 NA
TR2785|c7_g2	 NA
TR2785|c8_g1	 PF00147.15,Fibrinogen_C
TR27862|c0_g1	 NA
TR27864|c0_g1	 PF09335.8,SNARE_assoc
TR27866|c0_g1	 NA
TR27866|c1_g1	 NA
TR27867|c1_g1	 PF13516.3,LRR_6;PF13516.3,LRR_6;PF13516.3,LRR_6
TR2786|c2_g1	 NA
TR27870|c0_g1	 NA
TR27873|c1_g1	 NA
TR2788|c1_g1	 NA
TR2788|c2_g1	 NA
TR2789|c0_g2	 PF16589.2,BRCT_2;PF00817.17,IMS;PF11799.5,IMS_C;PF16727.2,REV1_C
TR2790|c0_g1	 PF13768.3,VWA_3;PF13768.3,VWA_3
TR2791|c1_g2	 NA
TR2792|c2_g1	 NA
TR2792|c6_g1	 NA
TR2792|c8_g1	 NA
TR2792|c8_g3	 NA
TR2793|c0_g2	 NA
TR27952|c4_g1	 NA
TR27952|c5_g1	 NA
TR27953|c1_g1	 PF00857.17,Isochorismatase
TR27956|c0_g1	 PF13359.3,DDE_Tnp_4
TR27958|c1_g1	 NA
TR2795|c0_g2	 NA
TR27961|c1_g1	 NA
TR2796|c1_g1	 NA
TR2796|c2_g1	 NA
TR2796|c3_g1	 NA
TR2796|c5_g1	 NA
TR27970|c0_g1	 PF09451.7,ATG27
TR27971|c0_g1	 NA
TR27973|c0_g2	 PF00850.16,Hist_deacetyl
TR27973|c0_g3	 PF00850.16,Hist_deacetyl
TR27975|c0_g1	 NA
TR27975|c1_g1	 NA
TR27979|c0_g1	 PF00750.16,tRNA-synt_1d;PF05746.12,DALR_1
TR2797|c3_g1	 NA
TR2797|c4_g1	 NA
TR2797|c4_g2	 PF15613.3,WSD
TR2797|c5_g1	 NA
TR2797|c5_g2	 PF00564.21,PB1
TR2797|c6_g2	 NA
TR27985|c0_g2	 NA
TR27986|c0_g1	 PF03165.13,MH1;PF03166.11,MH2
TR27986|c1_g1	 PF03165.13,MH1;PF03166.11,MH2;PF03166.11,MH2
TR27986|c1_g2	 PF03166.11,MH2;PF03165.13,MH1;PF03166.11,MH2;PF03165.13,MH1;PF03166.11,MH2
TR27988|c0_g1	 PF04969.13,CS
TR27989|c0_g1	 NA
TR2798|c0_g3	 PF01207.14,Dus
TR27997|c0_g1	 NA
TR27999|c0_g1	 PF07947.11,YhhN
TR27|c0_g1	 PF04442.11,CtaG_Cox11
TR28002|c0_g2	 PF00270.26,DEAD
TR28003|c1_g1	 NA
TR28006|c0_g1	 NA
TR28006|c3_g1	 NA
TR28007|c0_g1	 PF01392.19,Fz;PF01534.14,Frizzled
TR28008|c1_g1	 PF13691.3,Lactamase_B_4;PF12706.4,Lactamase_B_2
TR28009|c1_g1	 NA
TR28011|c0_g1	 PF00078.24,RVT_1;PF00665.23,rve
TR28011|c0_g2	 PF00078.24,RVT_1
TR28011|c2_g1	 NA
TR28012|c0_g1	 PF00787.21,PX;PF07714.14,Pkinase_Tyr;PF02205.17,WH2
TR28014|c1_g1	 PF00169.26,PH
TR28015|c0_g2	 NA
TR28019|c0_g1	 PF06423.9,GWT1;PF06423.9,GWT1
TR28021|c0_g2	 NA
TR28021|c1_g1	 PF00929.21,RNase_T
TR28021|c3_g1	 PF00929.21,RNase_T
TR28024|c0_g1	 PF01852.16,START
TR28026|c0_g1	 NA
TR28026|c1_g1	 PF12017.5,Tnp_P_element
TR28027|c0_g1	 PF13532.3,2OG-FeII_Oxy_2
TR28027|c1_g1	 NA
TR28028|c1_g1	 NA
TR28029|c0_g2	 NA
TR2802|c0_g2	 NA
TR28031|c1_g1	 PF07714.14,Pkinase_Tyr
TR28032|c0_g1	 NA
TR28034|c0_g1	 NA
TR28035|c0_g1	 NA
TR28038|c0_g1	 PF03901.14,Glyco_transf_22
TR28038|c0_g2	 PF03901.14,Glyco_transf_22
TR2803|c1_g1	 NA
TR2803|c1_g2	 PF14671.3,DSPn;PF00782.17,DSPc
TR2803|c1_g3	 NA
TR2803|c2_g2	 PF13561.3,adh_short_C2
TR28041|c0_g1	 PF10233.6,Cg6151-P
TR28043|c0_g1	 PF06668.9,ITI_HC_C
TR28044|c0_g1	 NA
TR2804|c1_g1	 NA
TR2804|c1_g2	 PF13850.3,ERGIC_N;PF07970.9,COPIIcoated_ERV
TR2804|c2_g1	 PF00628.26,PHD
TR2804|c3_g1	 PF13771.3,zf-HC5HC2H
TR28050|c0_g1	 NA
TR28051|c0_g2	 PF02755.12,RPEL;PF02037.24,SAP
TR2805|c10_g2	 NA
TR2805|c3_g1	 NA
TR2805|c3_g2	 NA
TR2805|c7_g1	 NA
TR2805|c7_g2	 NA
TR2805|c8_g1	 NA
TR28066|c0_g1	 NA
TR28066|c1_g1	 NA
TR2806|c0_g1	 PF03358.12,FMN_red
TR2806|c7_g1	 NA
TR28076|c0_g1	 NA
TR2807|c2_g2	 PF00107.23,ADH_zinc_N
TR2807|c4_g1	 NA
TR28085|c2_g1	 NA
TR28090|c0_g2	 PF00531.19,Death
TR28092|c0_g1	 PF13646.3,HEAT_2;PF13646.3,HEAT_2
TR28092|c1_g1	 NA
TR28097|c0_g1	 PF10517.6,DM13;PF03351.14,DOMON
TR2809|c1_g1	 NA
TR2809|c1_g2	 PF09440.7,eIF3_N
TR2809|c1_g3	 PF01399.24,PCI
TR28108|c0_g1	 NA
TR2810|c0_g2	 PF13516.3,LRR_6
TR28117|c0_g1	 NA
TR2811|c0_g1	 NA
TR2811|c1_g1	 NA
TR2811|c2_g1	 NA
TR2811|c3_g1	 NA
TR2812|c0_g1	 NA
TR2812|c11_g1	 NA
TR2812|c3_g2	 NA
TR2812|c7_g1	 PF08698.8,Fcf2
TR28136|c0_g1	 NA
TR2813|c0_g1	 PF00069.22,Pkinase
TR2813|c0_g2	 PF00560.30,LRR_1;PF00560.30,LRR_1;PF08477.10,Roc
TR2813|c0_g3	 PF16095.2,COR
TR28142|c0_g2	 NA
TR28144|c0_g1	 NA
TR28145|c0_g2	 NA
TR28149|c0_g1	 NA
TR2814|c0_g1	 NA
TR28151|c0_g1	 NA
TR28156|c0_g1	 NA
TR28158|c0_g2	 NA
TR2815|c0_g1	 PF00112.20,Peptidase_C1;PF00112.20,Peptidase_C1
TR28167|c0_g1	 NA
TR2817|c0_g1	 PF13857.3,Ank_5;PF12796.4,Ank_2;PF00023.27,Ank;PF12796.4,Ank_2;PF12796.4,Ank_2;PF12796.4,Ank_2;PF12796.4,Ank_2;PF00536.27,SAM_1;PF00644.17,PARP
TR2818|c0_g1	 NA
TR2819|c0_g1	 PF00656.19,Peptidase_C14
TR2821|c1_g2	 NA
TR2822|c0_g1	 NA
TR28237|c0_g1	 NA
TR2823|c0_g1	 PF04983.15,RNA_pol_Rpb1_3;PF05000.14,RNA_pol_Rpb1_4;PF04998.14,RNA_pol_Rpb1_5
TR2823|c0_g3	 PF04997.9,RNA_pol_Rpb1_1;PF00623.17,RNA_pol_Rpb1_2;PF04983.15,RNA_pol_Rpb1_3
TR28241|c0_g1	 NA
TR2824|c0_g1	 NA
TR2824|c0_g2	 NA
TR28254|c0_g1	 PF00504.18,Chloroa_b-bind
TR2825|c0_g1	 NA
TR28279|c0_g1	 NA
TR28288|c1_g1	 NA
TR2828|c1_g2	 PF00754.22,F5_F8_type_C
TR28296|c0_g1	 NA
TR28296|c1_g1	 NA
TR2829|c0_g1	 NA
TR28309|c1_g1	 NA
TR2831|c1_g2	 NA
TR28323|c0_g1	 NA
TR28329|c0_g1	 NA
TR2832|c0_g4	 PF00567.21,TUDOR
TR2833|c0_g1	 PF16953.2,PRORP
TR2834|c0_g2	 NA
TR28351|c0_g2	 PF05742.9,TANGO2
TR28352|c0_g1	 NA
TR28359|c0_g1	 PF00831.20,Ribosomal_L29
TR2835|c2_g1	 NA
TR28360|c0_g2	 NA
TR28361|c0_g1	 PF05485.9,THAP;PF13613.3,HTH_Tnp_4;PF13359.3,DDE_Tnp_4
TR28361|c1_g1	 PF09588.7,YqaJ
TR28364|c0_g1	 NA
TR28366|c0_g2	 NA
TR28367|c0_g1	 NA
TR28367|c0_g2	 NA
TR2836|c2_g1	 PF14906.3,DUF4495;PF14906.3,DUF4495
TR28371|c0_g1	 PF12251.5,zf-SNAP50_C
TR28371|c2_g1	 NA
TR28373|c0_g2	 NA
TR28376|c0_g2	 PF14604.3,SH3_9;PF00018.25,SH3_1
TR28379|c0_g2	 NA
TR28382|c0_g1	 PF00078.24,RVT_1;PF05380.10,Peptidase_A17
TR28390|c1_g1	 NA
TR28391|c0_g1	 PF12937.4,F-box-like
TR28391|c0_g2	 NA
TR28391|c1_g1	 NA
TR28394|c0_g2	 NA
TR2839|c0_g3	 PF13350.3,Y_phosphatase3
TR28404|c2_g1	 NA
TR28406|c1_g1	 NA
TR28407|c1_g2	 NA
TR28411|c0_g1	 PF10358.6,NT-C2;PF00307.28,CH;PF12130.5,DUF3585
TR28414|c0_g2	 PF01301.16,Glyco_hydro_35
TR2841|c0_g1	 PF08585.9,RMI1_N
TR2841|c1_g1	 NA
TR28421|c0_g1	 NA
TR28423|c0_g2	 NA
TR28423|c1_g1	 NA
TR28424|c0_g1	 NA
TR28424|c3_g1	 NA
TR28426|c0_g1	 NA
TR28427|c0_g1	 PF03226.11,Yippee-Mis18
TR28427|c0_g2	 NA
TR2842|c0_g2	 NA
TR2842|c0_g4	 NA
TR28433|c3_g1	 NA
TR2843|c1_g2	 NA
TR2844|c2_g1	 NA
TR2845|c0_g1	 PF10480.6,ICAP-1_inte_bdg
TR2846|c0_g2	 PF00494.16,SQS_PSY
TR28478|c0_g1	 PF13855.3,LRR_8;PF12799.4,LRR_4
TR28485|c0_g2	 NA
TR28491|c0_g1	 NA
TR28491|c0_g2	 NA
TR28495|c0_g1	 NA
TR28498|c0_g1	 NA
TR2849|c0_g1	 PF03798.13,TRAM_LAG1_CLN8
TR28507|c0_g1	 NA
TR2851|c0_g1	 NA
TR2851|c2_g1	 PF00191.17,Annexin;PF00191.17,Annexin;PF00191.17,Annexin
TR28520|c0_g1	 NA
TR28520|c0_g2	 NA
TR28520|c0_g3	 NA
TR28527|c0_g1	 NA
TR28527|c0_g2	 NA
TR2852|c0_g1	 NA
TR28536|c0_g1	 NA
TR28542|c2_g1	 NA
TR2854|c0_g1	 NA
TR2855|c0_g1	 PF01369.17,Sec7;PF00169.26,PH
TR2855|c0_g2	 NA
TR2856|c0_g1	 PF13097.3,CENP-U
TR28580|c0_g1	 NA
TR28583|c0_g1	 NA
TR2858|c0_g1	 PF07679.13,I-set;PF07679.13,I-set;PF13927.3,Ig_3;PF13927.3,Ig_3;PF13927.3,Ig_3;PF07679.13,I-set;PF13927.3,Ig_3;PF13927.3,Ig_3;PF13927.3,Ig_3;PF00041.18,fn3
TR2859|c1_g1	 PF01565.20,FAD_binding_4;PF04030.11,ALO
TR285|c0_g2	 NA
TR28601|c0_g1	 NA
TR28629|c0_g1	 NA
TR28631|c0_g1	 PF08615.8,RNase_H2_suC
TR28638|c0_g1	 NA
TR2863|c0_g1	 PF15275.3,PEHE
TR2863|c1_g1	 PF00091.22,Tubulin
TR2864|c0_g1	 PF04670.9,Gtr1_RagA
TR28654|c0_g1	 NA
TR28659|c0_g1	 NA
TR2866|c1_g1	 NA
TR2868|c0_g1	 NA
TR28690|c0_g1	 NA
TR2869|c0_g1	 PF00787.21,PX
TR2870|c0_g2	 PF13774.3,Longin;PF00957.18,Synaptobrevin
TR2870|c1_g1	 NA
TR2870|c4_g1	 NA
TR28718|c0_g1	 NA
TR28718|c1_g1	 NA
TR2871|c0_g1	 PF00013.26,KH_1;PF00013.26,KH_1
TR2872|c0_g1	 PF00498.23,FHA
TR28735|c0_g1	 NA
TR2873|c0_g1	 NA
TR28743|c0_g1	 NA
TR28747|c0_g1	 NA
TR28748|c0_g1	 PF04280.12,Tim44;PF03357.18,Snf7
TR28748|c0_g2	 PF04280.12,Tim44;PF03357.18,Snf7
TR28756|c0_g2	 PF03732.14,Retrotrans_gag
TR28760|c0_g1	 NA
TR28760|c1_g1	 NA
TR28773|c0_g1	 NA
TR28777|c0_g1	 PF03939.10,Ribosomal_L23eN;PF00276.17,Ribosomal_L23
TR2877|c0_g1	 PF00752.14,XPG_N;PF12813.4,XPG_I_2
TR28782|c0_g1	 NA
TR28785|c0_g1	 PF00240.20,ubiquitin
TR28788|c0_g1	 NA
TR2878|c0_g1	 PF14324.3,PINIT;PF02891.17,zf-MIZ
TR2878|c0_g2	 NA
TR2879|c0_g2	 NA
TR28803|c0_g1	 NA
TR2880|c0_g1	 PF13445.3,zf-RING_UBOX;PF00041.18,fn3
TR28811|c0_g1	 NA
TR28814|c0_g1	 NA
TR2881|c0_g1	 PF02014.13,Reeler
TR28823|c0_g1	 NA
TR28828|c0_g1	 NA
TR2883|c1_g1	 NA
TR28843|c0_g1	 NA
TR28845|c0_g1	 NA
TR28856|c0_g1	 NA
TR2885|c1_g1	 PF00855.14,PWWP
TR2886|c0_g1	 NA
TR2886|c2_g1	 NA
TR2886|c3_g1	 NA
TR28881|c0_g1	 NA
TR28890|c0_g1	 NA
TR28926|c1_g1	 NA
TR28932|c0_g1	 NA
TR28932|c1_g1	 NA
TR28935|c0_g1	 NA
TR28938|c0_g1	 NA
TR2893|c1_g1	 NA
TR2895|c0_g1	 PF04880.10,NUDE_C;PF07647.14,SAM_2
TR29000|c0_g1	 NA
TR2900|c0_g1	 NA
TR29019|c0_g1	 NA
TR29025|c0_g1	 PF02801.19,Ketoacyl-synt_C
TR29025|c1_g1	 NA
TR29027|c2_g1	 NA
TR2902|c1_g1	 PF09811.6,Yae1_N
TR29031|c1_g2	 NA
TR29034|c0_g1	 NA
TR29035|c0_g1	 PF07714.14,Pkinase_Tyr
TR29037|c0_g1	 NA
TR29038|c1_g1	 NA
TR2903|c0_g1	 NA
TR2903|c1_g2	 NA
TR29044|c0_g2	 NA
TR2904|c0_g1	 PF00962.19,A_deaminase
TR29053|c0_g1	 NA
TR29057|c0_g2	 PF00621.17,RhoGEF;PF00169.26,PH
TR29063|c2_g1	 NA
TR29064|c0_g1	 PF02902.16,Peptidase_C48
TR29064|c1_g1	 NA
TR29066|c0_g1	 PF14291.3,DUF4371
TR29066|c1_g1	 PF05699.11,Dimer_Tnp_hAT
TR29068|c2_g1	 NA
TR29074|c0_g1	 NA
TR29074|c0_g2	 PF13516.3,LRR_6
TR29076|c2_g1	 NA
TR2907|c1_g1	 NA
TR29083|c0_g2	 NA
TR29087|c0_g2	 PF13041.3,PPR_2;PF13812.3,PPR_3
TR29089|c0_g1	 NA
TR2908|c0_g1	 PF02779.21,Transket_pyr;PF02780.17,Transketolase_C
TR2909|c0_g1	 NA
TR29102|c2_g1	 PF07810.10,TMC
TR29102|c2_g5	 NA
TR29103|c3_g1	 NA
TR29104|c11_g1	 NA
TR29104|c8_g1	 PF00270.26,DEAD;PF00271.28,Helicase_C
TR29105|c4_g2	 NA
TR29105|c5_g1	 NA
TR29105|c6_g1	 PF00078.24,RVT_1
TR29105|c7_g1	 NA
TR29105|c7_g2	 NA
TR29105|c8_g2	 NA
TR29105|c9_g2	 NA
TR29106|c0_g1	 NA
TR29106|c3_g2	 NA
TR29107|c0_g1	 NA
TR29107|c2_g1	 PF00564.21,PB1
TR29107|c3_g1	 NA
TR29109|c1_g2	 PF10475.6,Vps54_N
TR29109|c2_g1	 NA
TR29109|c5_g1	 NA
TR29110|c10_g1	 NA
TR29110|c10_g2	 NA
TR29110|c3_g1	 NA
TR29110|c5_g2	 NA
TR29111|c1_g1	 NA
TR29111|c4_g1	 PF03731.12,Ku_N
TR29111|c4_g2	 NA
TR29111|c4_g4	 PF02735.13,Ku;PF03730.11,Ku_C;PF08785.8,Ku_PK_bind
TR29113|c1_g1	 NA
TR29114|c2_g1	 PF13927.3,Ig_3
TR29115|c10_g2	 NA
TR29115|c11_g1	 NA
TR29115|c12_g1	 NA
TR29115|c18_g1	 NA
TR29115|c3_g1	 NA
TR29115|c4_g1	 PF00164.22,Ribosom_S12_S23
TR29115|c4_g2	 PF00164.22,Ribosom_S12_S23
TR29115|c6_g1	 NA
TR29116|c0_g1	 PF00493.20,MCM;PF14551.3,MCM_N
TR29116|c0_g2	 PF14551.3,MCM_N;PF00493.20,MCM
TR29116|c11_g2	 PF07714.14,Pkinase_Tyr
TR29116|c5_g1	 NA
TR29116|c7_g1	 NA
TR29116|c8_g1	 PF12998.4,ING
TR29116|c8_g2	 PF12998.4,ING
TR29117|c12_g1	 NA
TR29117|c14_g1	 NA
TR29117|c1_g1	 NA
TR29117|c2_g1	 NA
TR29117|c6_g2	 NA
TR29117|c6_g5	 NA
TR29117|c7_g1	 PF00076.19,RRM_1
TR29117|c8_g1	 NA
TR29117|c8_g2	 NA
TR29117|c8_g3	 NA
TR29117|c8_g5	 NA
TR29118|c11_g1	 NA
TR29118|c12_g1	 NA
TR29119|c4_g1	 PF09807.6,ELP6
TR29119|c5_g1	 PF05253.9,zf-U11-48K
TR29119|c5_g2	 NA
TR29119|c7_g1	 NA
TR2911|c0_g2	 PF13445.3,zf-RING_UBOX
TR29120|c2_g1	 NA
TR29120|c2_g2	 PF13895.3,Ig_2;PF00041.18,fn3;PF00041.18,fn3
TR29120|c3_g1	 PF13895.3,Ig_2
TR29120|c4_g1	 NA
TR29121|c3_g1	 NA
TR29121|c4_g1	 NA
TR29121|c5_g1	 NA
TR29121|c5_g2	 NA
TR29121|c7_g1	 NA
TR29122|c5_g1	 NA
TR29122|c6_g1	 PF03564.12,DUF1759
TR29122|c6_g2	 NA
TR29122|c6_g3	 PF00078.24,RVT_1;PF05380.10,Peptidase_A17;PF00665.23,rve
TR29122|c6_g4	 PF05585.9,DUF1758
TR29123|c2_g2	 PF12765.4,Cohesin_HEAT;PF12830.4,Nipped-B_C
TR29123|c2_g4	 NA
TR29123|c3_g1	 PF13927.3,Ig_3;PF13927.3,Ig_3
TR29123|c3_g3	 PF13927.3,Ig_3;PF13895.3,Ig_2;PF07679.13,I-set
TR29123|c3_g4	 PF13927.3,Ig_3;PF13895.3,Ig_2
TR29123|c9_g1	 NA
TR29124|c1_g1	 NA
TR29124|c4_g1	 NA
TR29125|c11_g1	 NA
TR29125|c18_g1	 NA
TR29125|c2_g2	 PF13516.3,LRR_6;PF13516.3,LRR_6;PF13516.3,LRR_6;PF13516.3,LRR_6;PF13516.3,LRR_6
TR29125|c7_g2	 NA
TR29125|c8_g1	 PF13516.3,LRR_6;PF13516.3,LRR_6;PF13516.3,LRR_6;PF13516.3,LRR_6;PF13516.3,LRR_6;PF13516.3,LRR_6
TR29125|c9_g1	 PF08209.8,Sgf11;PF08313.9,SCA7
TR29126|c13_g1	 NA
TR29126|c19_g1	 NA
TR29126|c6_g1	 NA
TR29127|c1_g1	 NA
TR29127|c3_g1	 NA
TR29127|c6_g1	 NA
TR29127|c7_g2	 PF07714.14,Pkinase_Tyr
TR29127|c7_g3	 NA
TR29127|c7_g4	 PF01392.19,Fz
TR29128|c0_g2	 NA
TR29128|c5_g1	 NA
TR29128|c7_g2	 PF01237.15,Oxysterol_BP
TR29128|c7_g3	 PF01237.15,Oxysterol_BP
TR29129|c0_g2	 NA
TR2912|c0_g1	 PF13516.3,LRR_6;PF13516.3,LRR_6;PF13516.3,LRR_6
TR2912|c1_g1	 PF13516.3,LRR_6
TR29130|c0_g1	 PF16562.2,HECW_N;PF00168.27,C2
TR29131|c8_g1	 NA
TR29132|c0_g1	 NA
TR29132|c11_g2	 PF00501.25,AMP-binding
TR29132|c11_g3	 NA
TR29132|c12_g1	 PF00110.16,wnt
TR29132|c13_g1	 NA
TR29132|c15_g1	 NA
TR29132|c2_g1	 NA
TR29132|c4_g1	 NA
TR29132|c6_g1	 NA
TR29132|c7_g3	 NA
TR29133|c0_g1	 PF00307.28,CH;PF00307.28,CH;PF00630.16,Filamin;PF00630.16,Filamin;PF00630.16,Filamin;PF00630.16,Filamin;PF00630.16,Filamin;PF00630.16,Filamin
TR29133|c0_g2	 PF00630.16,Filamin
TR29133|c0_g3	 PF00630.16,Filamin;PF00630.16,Filamin;PF00630.16,Filamin;PF00630.16,Filamin;PF00630.16,Filamin;PF00630.16,Filamin;PF00630.16,Filamin;PF00630.16,Filamin
TR29134|c3_g1	 PF00025.18,Arf
TR29134|c6_g1	 NA
TR29136|c1_g2	 NA
TR29136|c7_g1	 NA
TR29138|c0_g1	 NA
TR29138|c1_g2	 NA
TR29138|c6_g1	 NA
TR29139|c11_g1	 NA
TR29139|c14_g1	 NA
TR29139|c19_g1	 NA
TR29139|c3_g2	 NA
TR29139|c4_g2	 NA
TR29139|c9_g1	 PF00078.24,RVT_1
TR2913|c0_g1	 PF10251.6,PEN-2
TR29140|c2_g1	 PF00155.18,Aminotran_1_2
TR29141|c0_g2	 NA
TR29141|c2_g1	 PF13445.3,zf-RING_UBOX;PF00643.21,zf-B_box;PF00643.21,zf-B_box;PF00630.16,Filamin;PF01436.18,NHL
TR29141|c2_g2	 PF13445.3,zf-RING_UBOX;PF00643.21,zf-B_box;PF00630.16,Filamin;PF01436.18,NHL;PF01436.18,NHL;PF01436.18,NHL
TR29141|c4_g1	 PF00643.21,zf-B_box;PF00630.16,Filamin
TR29141|c8_g1	 NA
TR29142|c2_g1	 PF07679.13,I-set;PF07679.13,I-set;PF07679.13,I-set
TR29142|c2_g2	 NA
TR29142|c3_g1	 PF07679.13,I-set
TR29144|c1_g1	 NA
TR29145|c10_g6	 PF00291.22,PALP
TR29145|c11_g1	 PF00531.19,Death;PF05729.9,NACHT
TR29146|c3_g1	 NA
TR29146|c5_g1	 NA
TR29146|c8_g1	 NA
TR29147|c1_g1	 PF02267.14,Rib_hydrolayse;PF03160.11,Calx-beta;PF03160.11,Calx-beta;PF03160.11,Calx-beta;PF03160.11,Calx-beta;PF03160.11,Calx-beta;PF03160.11,Calx-beta
TR29147|c2_g1	 NA
TR29148|c6_g1	 NA
TR29149|c0_g1	 NA
TR29149|c1_g1	 NA
TR29149|c4_g1	 NA
TR2914|c0_g1	 PF01138.18,RNase_PH;PF03725.12,RNase_PH_C;PF03726.11,PNPase;PF01138.18,RNase_PH
TR29150|c2_g2	 NA
TR29150|c3_g1	 NA
TR29150|c3_g2	 NA
TR29151|c0_g1	 NA
TR29151|c0_g2	 PF01602.17,Adaptin_N
TR29151|c3_g1	 NA
TR29152|c12_g1	 NA
TR29152|c1_g1	 NA
TR29152|c4_g1	 NA
TR29152|c8_g1	 NA
TR29153|c0_g1	 NA
TR29153|c1_g1	 NA
TR29153|c1_g2	 NA
TR29153|c3_g1	 NA
TR29153|c3_g2	 PF13181.3,TPR_8;PF13181.3,TPR_8
TR29154|c0_g3	 NA
TR29154|c1_g1	 NA
TR29155|c3_g2	 PF05001.10,RNA_pol_Rpb1_R;PF05001.10,RNA_pol_Rpb1_R;PF05001.10,RNA_pol_Rpb1_R;PF05001.10,RNA_pol_Rpb1_R;PF05001.10,RNA_pol_Rpb1_R;PF05001.10,RNA_pol_Rpb1_R;PF05001.10,RNA_pol_Rpb1_R;PF05001.10,RNA_pol_Rpb1_R;PF05001.10,RNA_pol_Rpb1_R;PF04997.9,RNA_pol_Rpb1_1;PF00623.17,RNA_pol_Rpb1_2;PF04983.15,RNA_pol_Rpb1_3;PF05000.14,RNA_pol_Rpb1_4;PF04998.14,RNA_pol_Rpb1_5;PF04992.11,RNA_pol_Rpb1_6;PF04990.9,RNA_pol_Rpb1_7
TR29155|c5_g1	 PF05001.10,RNA_pol_Rpb1_R;PF05001.10,RNA_pol_Rpb1_R;PF05001.10,RNA_pol_Rpb1_R;PF05001.10,RNA_pol_Rpb1_R;PF05001.10,RNA_pol_Rpb1_R;PF05001.10,RNA_pol_Rpb1_R
TR29156|c1_g3	 PF00632.22,HECT
TR29157|c0_g1	 NA
TR29157|c18_g1	 NA
TR29157|c2_g1	 NA
TR29157|c6_g2	 NA
TR29157|c7_g1	 NA
TR29157|c7_g2	 NA
TR29157|c8_g3	 PF08240.9,ADH_N
TR29158|c1_g1	 NA
TR29158|c2_g1	 PF11878.5,DUF3398;PF14429.3,DOCK-C2;PF06920.10,DHR-2
TR29158|c2_g2	 PF11878.5,DUF3398
TR29159|c2_g2	 NA
TR29159|c4_g1	 NA
TR29159|c8_g1	 PF14523.3,Syntaxin_2;PF05739.16,SNARE
TR29160|c2_g1	 NA
TR29160|c4_g1	 NA
TR29161|c0_g1	 PF01585.20,G-patch
TR29161|c0_g2	 PF13432.3,TPR_16;PF13432.3,TPR_16;PF07719.14,TPR_2
TR29162|c1_g1	 NA
TR29162|c2_g2	 NA
TR29162|c3_g1	 PF13927.3,Ig_3;PF07679.13,I-set;PF13927.3,Ig_3;PF07679.13,I-set
TR29163|c3_g1	 PF00088.15,Trefoil;PF01055.23,Glyco_hydro_31
TR29164|c0_g1	 NA
TR29164|c0_g2	 NA
TR29164|c2_g1	 NA
TR29164|c4_g1	 PF00855.14,PWWP;PF01624.17,MutS_I;PF05188.14,MutS_II;PF05192.15,MutS_III;PF05190.15,MutS_IV
TR29164|c6_g1	 PF07850.11,Renin_r
TR29164|c7_g1	 NA
TR29164|c8_g1	 NA
TR29166|c11_g1	 NA
TR29166|c11_g2	 NA
TR29166|c12_g1	 PF08614.8,ATG16;PF00400.29,WD40;PF00400.29,WD40
TR29166|c13_g1	 NA
TR29166|c16_g1	 NA
TR29166|c20_g1	 NA
TR29166|c3_g1	 NA
TR29166|c4_g1	 NA
TR29166|c6_g2	 NA
TR29167|c16_g1	 NA
TR29167|c2_g1	 PF00610.18,DEP
TR29167|c3_g1	 NA
TR29167|c4_g1	 PF08212.9,Lipocalin_2
TR29167|c6_g1	 NA
TR29167|c6_g2	 NA
TR29168|c10_g1	 NA
TR29168|c11_g1	 PF00176.20,SNF2_N;PF00628.26,PHD;PF00271.28,Helicase_C
TR29168|c12_g1	 PF12352.5,V-SNARE_C
TR29168|c12_g3	 NA
TR29168|c17_g1	 NA
TR29168|c18_g1	 NA
TR29168|c19_g1	 NA
TR29168|c20_g1	 NA
TR29168|c21_g1	 NA
TR29168|c2_g1	 NA
TR29168|c9_g1	 NA
TR29169|c2_g3	 NA
TR2916|c0_g1	 NA
TR29170|c0_g1	 PF00069.22,Pkinase;PF01344.22,Kelch_1
TR29170|c0_g2	 PF00069.22,Pkinase;PF01344.22,Kelch_1
TR29170|c12_g1	 NA
TR29170|c16_g1	 PF00069.22,Pkinase
TR29170|c1_g1	 NA
TR29170|c3_g1	 NA
TR29170|c7_g1	 NA
TR29170|c9_g1	 NA
TR29170|c9_g2	 NA
TR29171|c10_g1	 PF04851.12,ResIII
TR29171|c18_g1	 NA
TR29171|c2_g1	 PF04851.12,ResIII
TR29171|c6_g1	 NA
TR29172|c0_g1	 NA
TR29172|c0_g2	 NA
TR29173|c3_g1	 NA
TR29173|c4_g2	 NA
TR29175|c0_g2	 NA
TR29175|c4_g1	 NA
TR29175|c4_g2	 NA
TR29175|c8_g1	 PF00078.24,RVT_1
TR29175|c8_g2	 PF00078.24,RVT_1
TR29176|c0_g2	 NA
TR29176|c1_g1	 PF15787.2,DUF4704;PF16057.2,DUF4800;PF14844.3,PH_BEACH;PF02138.15,Beach;PF00400.29,WD40
TR29177|c10_g1	 NA
TR29177|c13_g1	 NA
TR29177|c3_g1	 PF03810.16,IBN_N
TR29177|c4_g1	 NA
TR29177|c5_g2	 NA
TR29177|c6_g1	 NA
TR29177|c6_g2	 PF00443.26,UCH
TR29177|c7_g1	 NA
TR29177|c7_g2	 PF02373.19,JmjC
TR29178|c0_g1	 NA
TR29178|c0_g3	 NA
TR29178|c0_g5	 NA
TR29179|c0_g2	 PF00531.19,Death
TR29179|c1_g1	 NA
TR29179|c3_g1	 NA
TR29179|c8_g1	 PF00531.19,Death
TR29179|c9_g1	 NA
TR29180|c4_g1	 NA
TR29180|c6_g1	 NA
TR29180|c7_g1	 PF00872.15,Transposase_mut
TR29181|c2_g2	 PF00171.19,Aldedh
TR29182|c0_g1	 NA
TR29182|c1_g1	 NA
TR29183|c10_g1	 NA
TR29183|c13_g1	 NA
TR29183|c18_g1	 NA
TR29183|c9_g3	 NA
TR29184|c0_g1	 NA
TR29184|c0_g2	 NA
TR29184|c11_g1	 NA
TR29184|c1_g1	 NA
TR29184|c5_g1	 NA
TR29184|c7_g1	 NA
TR29184|c7_g2	 NA
TR29185|c2_g1	 NA
TR29185|c6_g1	 NA
TR29187|c12_g1	 NA
TR29187|c19_g1	 NA
TR29187|c24_g1	 NA
TR29187|c7_g1	 PF01044.16,Vinculin;PF01044.16,Vinculin
TR29187|c8_g1	 PF02270.12,TFIIF_beta;PF02270.12,TFIIF_beta
TR29188|c10_g2	 NA
TR29188|c10_g3	 NA
TR29188|c13_g1	 NA
TR29188|c15_g1	 NA
TR29188|c5_g1	 NA
TR29188|c6_g1	 NA
TR29188|c7_g1	 NA
TR29189|c6_g1	 PF01826.14,TIL;PF07679.13,I-set;PF13927.3,Ig_3;PF13927.3,Ig_3
TR29189|c6_g2	 PF16489.2,GAIN;PF01825.18,GPS;PF00002.21,7tm_2
TR29189|c7_g2	 NA
TR29190|c1_g1	 NA
TR29191|c0_g2	 PF01412.15,ArfGap
TR29191|c1_g1	 NA
TR29191|c2_g1	 NA
TR29191|c2_g2	 NA
TR29191|c2_g4	 NA
TR29191|c3_g2	 NA
TR29191|c3_g3	 NA
TR29191|c4_g2	 NA
TR29193|c2_g1	 PF00621.17,RhoGEF;PF16652.2,PH_13;PF00168.27,C2
TR29194|c0_g1	 NA
TR29194|c0_g2	 NA
TR29194|c1_g1	 NA
TR29194|c4_g1	 NA
TR29194|c4_g2	 NA
TR29194|c8_g1	 NA
TR29194|c9_g1	 NA
TR29195|c3_g1	 PF12624.4,Chorein_N;PF16909.2,VPS13_C;PF09333.8,ATG_C
TR29197|c0_g1	 NA
TR29197|c0_g2	 NA
TR29197|c1_g2	 PF00147.15,Fibrinogen_C
TR29197|c1_g4	 PF00147.15,Fibrinogen_C
TR29197|c1_g5	 PF00147.15,Fibrinogen_C
TR29197|c4_g1	 NA
TR29198|c1_g1	 NA
TR29198|c3_g1	 PF00701.19,DHDPS
TR29198|c3_g2	 PF16589.2,BRCT_2
TR29198|c4_g1	 NA
TR29198|c5_g1	 NA
TR291|c0_g1	 NA
TR29200|c2_g2	 PF00028.14,Cadherin;PF00028.14,Cadherin;PF00028.14,Cadherin
TR29200|c4_g1	 PF01049.14,Cadherin_C
TR29200|c4_g3	 PF00028.14,Cadherin
TR29200|c4_g5	 PF00008.24,EGF;PF02210.21,Laminin_G_2
TR29200|c4_g7	 PF12661.4,hEGF;PF12661.4,hEGF;PF00008.24,EGF;PF00008.24,EGF;PF02210.21,Laminin_G_2
TR29201|c10_g1	 NA
TR29201|c11_g1	 NA
TR29201|c12_g1	 NA
TR29201|c16_g1	 NA
TR29201|c1_g1	 NA
TR29201|c4_g1	 NA
TR29201|c9_g1	 PF00071.19,Ras
TR29228|c0_g1	 NA
TR29232|c0_g1	 NA
TR29274|c0_g1	 NA
TR2929|c1_g1	 NA
TR29301|c0_g1	 NA
TR29320|c0_g1	 NA
TR29343|c0_g2	 NA
TR29353|c0_g1	 NA
TR29355|c2_g1	 NA
TR29358|c0_g1	 NA
TR29359|c0_g1	 NA
TR29364|c0_g1	 NA
TR29366|c1_g1	 NA
TR29366|c2_g1	 NA
TR29379|c0_g1	 NA
TR29390|c0_g1	 NA
TR29393|c0_g1	 NA
TR29398|c1_g1	 NA
TR29403|c1_g1	 NA
TR29406|c0_g1	 NA
TR29409|c0_g1	 NA
TR29411|c1_g1	 NA
TR2944|c0_g1	 NA
TR2944|c0_g2	 NA
TR29457|c0_g1	 PF00297.19,Ribosomal_L3
TR29458|c0_g1	 NA
TR29482|c0_g1	 NA
TR29492|c0_g1	 PF00266.16,Aminotran_5
TR29498|c0_g1	 NA
TR29508|c0_g1	 NA
TR29526|c0_g1	 NA
TR29528|c0_g1	 PF05461.8,ApoL
TR29546|c0_g1	 NA
TR29547|c0_g1	 NA
TR29548|c0_g1	 PF00685.24,Sulfotransfer_1
TR29557|c0_g1	 NA
TR29560|c0_g1	 NA
TR29562|c0_g1	 NA
TR29570|c0_g1	 NA
TR29588|c0_g1	 PF00240.20,ubiquitin
TR29594|c1_g1	 NA
TR29607|c0_g1	 NA
TR29609|c0_g1	 PF12796.4,Ank_2;PF13855.3,LRR_8;PF16095.2,COR;PF07714.14,Pkinase_Tyr
TR29611|c0_g1	 PF13904.3,DUF4207
TR29614|c0_g1	 PF00169.26,PH;PF02174.14,IRS
TR29630|c0_g1	 PF02902.16,Peptidase_C48
TR2964|c0_g1	 NA
TR29652|c0_g1	 PF00241.17,Cofilin_ADF
TR29668|c0_g1	 PF10488.6,PP1c_bdg
TR29671|c0_g1	 NA
TR29678|c0_g1	 PF00270.26,DEAD;PF00271.28,Helicase_C;PF13959.3,DUF4217
TR29693|c0_g1	 NA
TR29694|c0_g1	 NA
TR29724|c0_g1	 NA
TR29729|c0_g1	 NA
TR29730|c0_g1	 NA
TR29766|c0_g1	 NA
TR297|c0_g1	 NA
TR29806|c0_g1	 NA
TR29813|c0_g1	 NA
TR29814|c0_g1	 PF03371.12,PRP38
TR29815|c0_g1	 PF02319.17,E2F_TDP;PF16421.2,E2F_CC-MB
TR29815|c0_g3	 NA
TR29815|c1_g2	 PF10036.6,RLL
TR29816|c0_g1	 NA
TR29816|c0_g2	 PF02126.15,PTE
TR29816|c1_g1	 NA
TR29817|c1_g1	 NA
TR29818|c0_g1	 PF13672.3,PP2C_2
TR29819|c0_g1	 PF13564.3,DoxX_2
TR29820|c1_g1	 PF13431.3,TPR_17
TR29821|c0_g1	 NA
TR29822|c1_g1	 PF12752.4,SUZ;PF03839.13,Sec62
TR29822|c4_g1	 NA
TR29823|c0_g1	 PF00071.19,Ras
TR29823|c0_g2	 PF00071.19,Ras;PF00071.19,Ras
TR29825|c0_g1	 NA
TR29826|c0_g1	 NA
TR29826|c0_g2	 PF09335.8,SNARE_assoc
TR29826|c1_g1	 NA
TR29827|c1_g1	 PF13358.3,DDE_3
TR29827|c2_g1	 NA
TR29830|c0_g2	 PF00400.29,WD40;PF00400.29,WD40;PF00400.29,WD40
TR29833|c1_g2	 NA
TR29834|c1_g1	 NA
TR29835|c1_g1	 PF01121.17,CoaE
TR29835|c2_g1	 NA
TR29836|c0_g1	 NA
TR29838|c2_g1	 NA
TR29840|c0_g1	 NA
TR29842|c0_g1	 NA
TR29845|c0_g1	 NA
TR29846|c0_g2	 PF02793.19,HRM
TR29846|c2_g2	 PF01825.18,GPS;PF00002.21,7tm_2
TR29850|c1_g1	 NA
TR29852|c0_g1	 NA
TR29853|c1_g2	 PF07260.8,ANKH
TR29853|c1_g3	 PF07260.8,ANKH
TR29855|c0_g1	 PF10185.6,Mesd
TR29856|c0_g1	 PF00293.25,NUDIX
TR29857|c1_g3	 NA
TR29858|c0_g1	 PF00188.23,CAP
TR29860|c0_g1	 NA
TR29865|c3_g1	 NA
TR29866|c0_g1	 PF00227.23,Proteasome
TR29868|c0_g1	 NA
TR29868|c1_g1	 NA
TR29872|c0_g1	 PF00046.26,Homeobox
TR29874|c0_g1	 PF01411.16,tRNA-synt_2c;PF07973.11,tRNA_SAD
TR29874|c0_g2	 NA
TR29875|c0_g1	 PF13649.3,Methyltransf_25
TR29875|c1_g1	 NA
TR29876|c1_g1	 PF00083.21,Sugar_tr
TR29876|c2_g1	 NA
TR29878|c0_g1	 PF01391.15,Collagen;PF01391.15,Collagen
TR29878|c0_g2	 PF01391.15,Collagen
TR29881|c0_g1	 PF01170.15,UPF0020
TR29882|c0_g1	 PF14636.3,FNIP_N;PF14637.3,FNIP_M;PF14638.3,FNIP_C
TR29882|c0_g2	 PF14636.3,FNIP_N;PF14637.3,FNIP_M;PF14638.3,FNIP_C
TR29886|c0_g1	 PF03372.20,Exo_endo_phos
TR29887|c0_g1	 NA
TR29889|c0_g1	 NA
TR29889|c1_g2	 PF01412.15,ArfGap;PF00169.26,PH;PF00169.26,PH;PF01412.15,ArfGap;PF00169.26,PH
TR29891|c0_g1	 PF00010.23,HLH
TR29893|c1_g1	 NA
TR29894|c0_g1	 PF00664.20,ABC_membrane
TR29900|c0_g1	 PF03145.13,Sina
TR29902|c0_g1	 NA
TR29903|c1_g1	 PF12130.5,DUF3585
TR29903|c4_g1	 NA
TR29906|c0_g1	 NA
TR29906|c0_g2	 NA
TR29910|c0_g1	 PF06391.10,MAT1
TR29914|c0_g1	 NA
TR29973|c0_g1	 NA
TR29983|c0_g1	 NA
TR2998|c1_g1	 NA
TR299|c1_g1	 PF13516.3,LRR_6;PF13516.3,LRR_6
TR299|c2_g1	 PF13516.3,LRR_6;PF13516.3,LRR_6;PF13516.3,LRR_6;PF13516.3,LRR_6
TR2|c0_g1	 NA
TR30042|c0_g1	 NA
TR30064|c0_g1	 NA
TR30067|c0_g1	 NA
TR30091|c0_g1	 PF12146.5,Hydrolase_4
TR30091|c0_g2	 PF12146.5,Hydrolase_4
TR30103|c0_g2	 PF01783.20,Ribosomal_L32p
TR30124|c1_g1	 NA
TR30126|c0_g1	 NA
TR30132|c0_g1	 NA
TR30161|c2_g1	 NA
TR30166|c0_g1	 NA
TR30168|c1_g1	 NA
TR30184|c0_g1	 NA
TR30188|c0_g1	 NA
TR30198|c0_g1	 NA
TR30198|c0_g2	 NA
TR30214|c0_g1	 PF01636.20,APH
TR30218|c0_g2	 NA
TR30305|c0_g1	 NA
TR30308|c1_g1	 NA
TR3031|c0_g1	 NA
TR30327|c0_g1	 PF01092.16,Ribosomal_S6e
TR30344|c0_g1	 NA
TR30373|c0_g2	 PF01852.16,START
TR30382|c0_g1	 NA
TR30383|c0_g1	 NA
TR30388|c1_g1	 PF00110.16,wnt
TR30392|c2_g1	 NA
TR3039|c0_g1	 NA
TR30407|c0_g1	 NA
TR30417|c0_g2	 NA
TR30418|c0_g1	 NA
TR30418|c2_g1	 NA
TR30419|c2_g1	 NA
TR30419|c3_g1	 NA
TR30421|c1_g1	 PF10523.6,BEN
TR30432|c0_g1	 NA
TR30432|c0_g2	 PF10376.6,Mei5
TR30433|c0_g1	 NA
TR30461|c0_g1	 NA
TR30473|c1_g1	 NA
TR30479|c0_g1	 NA
TR30487|c0_g1	 NA
TR30500|c0_g1	 NA
TR30500|c1_g1	 NA
TR30500|c3_g1	 NA
TR30505|c1_g1	 NA
TR30509|c0_g1	 PF13516.3,LRR_6;PF13516.3,LRR_6;PF13516.3,LRR_6
TR30509|c0_g2	 PF13516.3,LRR_6;PF13516.3,LRR_6;PF13516.3,LRR_6
TR30511|c0_g1	 NA
TR30521|c0_g1	 PF00579.22,tRNA-synt_1b
TR30527|c0_g2	 NA
TR30529|c0_g1	 NA
TR30532|c0_g1	 NA
TR30532|c0_g2	 PF06645.10,SPC12
TR30532|c1_g1	 NA
TR30542|c0_g1	 PF00215.21,OMPdecase
TR3055|c0_g1	 PF00069.22,Pkinase
TR30564|c0_g1	 NA
TR30566|c0_g1	 NA
TR30566|c0_g2	 NA
TR30573|c0_g1	 NA
TR30574|c1_g1	 NA
TR30578|c0_g1	 NA
TR30579|c0_g2	 PF03133.12,TTL
TR30582|c0_g1	 PF01105.21,EMP24_GP25L
TR30582|c0_g2	 PF01105.21,EMP24_GP25L
TR30585|c0_g1	 NA
TR30585|c0_g2	 NA
TR30592|c0_g1	 PF00595.21,PDZ
TR30607|c1_g1	 NA
TR30611|c0_g1	 PF04548.13,AIG1
TR30611|c0_g2	 PF04548.13,AIG1
TR30617|c0_g1	 NA
TR3061|c0_g1	 NA
TR30656|c0_g1	 NA
TR30676|c0_g1	 PF01992.13,vATP-synt_AC39
TR30681|c0_g1	 PF00838.14,TCTP
TR30721|c0_g1	 PF00046.26,Homeobox
TR30721|c1_g1	 NA
TR30723|c0_g1	 NA
TR30723|c0_g2	 NA
TR30744|c0_g1	 PF00179.23,UQ_con
TR30748|c0_g2	 PF13833.3,EF-hand_8;PF13202.3,EF-hand_5
TR3074|c0_g1	 PF08571.7,Yos1
TR30758|c2_g1	 NA
TR30774|c0_g2	 PF03184.16,DDE_1
TR30775|c11_g1	 NA
TR30775|c1_g2	 NA
TR30775|c20_g1	 NA
TR30775|c2_g1	 NA
TR30775|c3_g1	 NA
TR30775|c8_g1	 NA
TR30775|c9_g1	 NA
TR30776|c12_g1	 NA
TR30776|c4_g1	 NA
TR30776|c8_g1	 PF02996.14,Prefoldin
TR30776|c9_g1	 PF01070.15,FMN_dh
TR30777|c10_g1	 NA
TR30777|c11_g1	 NA
TR30777|c11_g2	 PF03372.20,Exo_endo_phos
TR30777|c12_g1	 NA
TR30777|c3_g1	 NA
TR30777|c4_g1	 PF12689.4,Acid_PPase
TR30777|c7_g2	 NA
TR30777|c8_g1	 NA
TR30778|c0_g1	 PF13855.3,LRR_8
TR30778|c1_g2	 NA
TR30779|c0_g1	 NA
TR30779|c1_g1	 NA
TR30780|c1_g1	 NA
TR30781|c3_g1	 NA
TR30781|c5_g1	 NA
TR30781|c5_g3	 PF02176.15,zf-TRAF;PF02176.15,zf-TRAF
TR30782|c0_g1	 NA
TR30782|c3_g5	 PF00630.16,Filamin;PF00630.16,Filamin;PF00630.16,Filamin
TR30784|c0_g1	 PF00621.17,RhoGEF
TR30784|c0_g2	 NA
TR30785|c3_g1	 NA
TR30785|c4_g1	 NA
TR30785|c5_g1	 NA
TR30786|c11_g1	 NA
TR30786|c4_g1	 NA
TR30786|c4_g2	 NA
TR30786|c6_g1	 NA
TR30786|c7_g1	 PF00627.28,UBA;PF01981.13,PTH2
TR30786|c9_g1	 NA
TR30787|c13_g1	 NA
TR30787|c3_g2	 NA
TR30787|c9_g1	 NA
TR30788|c0_g1	 NA
TR30788|c0_g2	 NA
TR30788|c2_g1	 NA
TR30788|c2_g2	 NA
TR30788|c3_g2	 NA
TR30788|c3_g3	 PF13516.3,LRR_6;PF13516.3,LRR_6;PF13516.3,LRR_6
TR30789|c0_g1	 PF03966.13,Trm112p
TR30789|c1_g1	 PF00498.23,FHA;PF13639.3,zf-RING_2
TR30789|c2_g1	 PF13181.3,TPR_8
TR30790|c5_g1	 PF00041.18,fn3
TR30791|c1_g1	 PF01833.21,TIG;PF14843.3,GF_recep_IV
TR30792|c0_g1	 NA
TR30792|c12_g1	 NA
TR30792|c1_g2	 NA
TR30792|c3_g1	 NA
TR30792|c4_g1	 NA
TR30792|c4_g2	 NA
TR30793|c0_g1	 PF00619.18,CARD
TR30793|c11_g1	 PF12877.4,DUF3827
TR30793|c6_g1	 PF13621.3,Cupin_8
TR30793|c8_g2	 PF00005.24,ABC_tran;PF12848.4,ABC_tran_Xtn;PF00005.24,ABC_tran
TR30795|c10_g1	 NA
TR30795|c6_g2	 NA
TR30796|c10_g2	 PF02516.11,STT3
TR30796|c14_g1	 NA
TR30796|c1_g1	 NA
TR30796|c2_g1	 NA
TR30797|c0_g1	 NA
TR30797|c2_g4	 NA
TR30797|c2_g5	 NA
TR30797|c2_g6	 PF00583.22,Acetyltransf_1
TR30798|c3_g2	 PF00630.16,Filamin
TR30799|c6_g3	 NA
TR30799|c6_g4	 PF16095.2,COR
TR30800|c10_g2	 NA
TR30800|c11_g1	 NA
TR30800|c13_g1	 NA
TR30800|c15_g1	 NA
TR30800|c2_g1	 NA
TR30800|c5_g1	 PF00493.20,MCM
TR30800|c8_g1	 NA
TR30801|c0_g2	 NA
TR30803|c10_g1	 NA
TR30803|c14_g1	 NA
TR30803|c1_g1	 NA
TR30803|c2_g1	 NA
TR30803|c5_g1	 NA
TR30803|c7_g2	 NA
TR30804|c1_g1	 NA
TR30806|c0_g1	 NA
TR30808|c11_g1	 NA
TR30808|c3_g1	 PF03062.16,MBOAT;PF03062.16,MBOAT
TR30808|c6_g2	 NA
TR30808|c9_g1	 NA
TR30810|c1_g2	 NA
TR30810|c3_g1	 PF07714.14,Pkinase_Tyr
TR30810|c4_g1	 NA
TR30810|c4_g2	 PF13418.3,Kelch_4
TR30811|c0_g2	 NA
TR30811|c13_g1	 NA
TR30811|c13_g2	 PF14529.3,Exo_endo_phos_2;PF00078.24,RVT_1
TR30811|c15_g1	 NA
TR30811|c1_g2	 NA
TR30811|c24_g1	 NA
TR30811|c6_g1	 NA
TR30811|c7_g2	 PF00652.19,Ricin_B_lectin
TR30812|c10_g1	 PF14559.3,TPR_19
TR30812|c11_g1	 NA
TR30812|c12_g2	 NA
TR30812|c14_g1	 NA
TR30812|c16_g1	 NA
TR30812|c19_g1	 NA
TR30812|c22_g1	 NA
TR30812|c3_g1	 NA
TR30812|c4_g2	 NA
TR30813|c0_g2	 NA
TR30813|c19_g1	 NA
TR30813|c4_g2	 NA
TR30813|c9_g2	 NA
TR30814|c0_g1	 PF00069.22,Pkinase
TR30815|c0_g1	 NA
TR30815|c1_g2	 NA
TR30815|c3_g2	 NA
TR30816|c0_g1	 NA
TR30816|c2_g1	 NA
TR30816|c2_g3	 PF00664.20,ABC_membrane;PF00005.24,ABC_tran
TR30818|c7_g1	 NA
TR30819|c0_g3	 NA
TR30820|c13_g1	 NA
TR30820|c1_g1	 NA
TR30820|c2_g1	 NA
TR30820|c6_g1	 NA
TR30821|c10_g1	 NA
TR30821|c14_g1	 NA
TR30821|c15_g1	 NA
TR30821|c16_g1	 NA
TR30821|c3_g2	 NA
TR30821|c5_g1	 NA
TR30821|c7_g1	 NA
TR30821|c8_g1	 NA
TR30822|c0_g1	 PF15711.2,ILEI
TR30822|c1_g2	 NA
TR30822|c1_g3	 NA
TR30823|c3_g1	 NA
TR30824|c0_g1	 PF00041.18,fn3
TR30825|c0_g1	 NA
TR30825|c12_g1	 NA
TR30825|c5_g1	 NA
TR30826|c4_g1	 NA
TR30826|c5_g1	 NA
TR30826|c8_g2	 NA
TR30827|c1_g1	 NA
TR30827|c1_g2	 PF00995.20,Sec1
TR30827|c1_g3	 NA
TR30828|c1_g1	 NA
TR30829|c0_g1	 NA
TR30829|c11_g1	 NA
TR30829|c12_g1	 NA
TR30829|c1_g1	 NA
TR30829|c20_g1	 NA
TR30829|c2_g2	 NA
TR30829|c4_g2	 NA
TR30829|c9_g1	 PF07679.13,I-set;PF00041.18,fn3;PF00041.18,fn3
TR30830|c11_g1	 NA
TR30830|c13_g1	 NA
TR30830|c14_g1	 NA
TR30830|c3_g1	 NA
TR30830|c5_g1	 NA
TR30830|c5_g2	 PF04652.13,Vta1
TR30830|c5_g3	 NA
TR30830|c8_g1	 NA
TR30831|c0_g2	 PF13855.3,LRR_8
TR30831|c3_g1	 PF12409.5,P5-ATPase;PF00690.23,Cation_ATPase_N;PF00122.17,E1-E2_ATPase;PF00702.23,Hydrolase
TR30831|c3_g2	 NA
TR30831|c9_g1	 NA
TR30832|c1_g1	 PF00615.16,RGS;PF00778.14,DIX
TR30833|c3_g1	 NA
TR30834|c0_g1	 NA
TR30834|c1_g1	 NA
TR30834|c3_g1	 NA
TR30835|c1_g1	 NA
TR30835|c1_g2	 NA
TR30836|c10_g2	 PF00041.18,fn3
TR30836|c11_g1	 NA
TR30836|c2_g1	 NA
TR30836|c8_g3	 NA
TR30837|c12_g1	 NA
TR30837|c2_g1	 NA
TR30837|c3_g1	 PF02668.13,TauD
TR30837|c4_g1	 NA
TR30837|c4_g2	 NA
TR30837|c9_g1	 NA
TR30838|c0_g1	 NA
TR30838|c1_g1	 PF07690.13,MFS_1
TR30839|c10_g1	 NA
TR30839|c11_g1	 PF15492.3,Nbas_N
TR30839|c15_g1	 NA
TR30839|c18_g1	 NA
TR30839|c21_g1	 NA
TR30839|c4_g2	 NA
TR30839|c7_g2	 PF05485.9,THAP;PF13613.3,HTH_Tnp_4;PF13359.3,DDE_Tnp_4
TR30840|c12_g1	 NA
TR30840|c7_g3	 NA
TR30841|c5_g1	 NA
TR30841|c8_g2	 NA
TR30841|c8_g3	 NA
TR30842|c2_g4	 PF00169.26,PH
TR30843|c11_g1	 NA
TR30843|c12_g1	 NA
TR30843|c13_g1	 NA
TR30843|c7_g1	 NA
TR30843|c9_g1	 NA
TR30844|c11_g2	 NA
TR30844|c15_g1	 NA
TR30844|c17_g1	 NA
TR30844|c19_g1	 NA
TR30844|c22_g1	 NA
TR30844|c23_g1	 NA
TR30844|c33_g1	 NA
TR30844|c36_g1	 NA
TR30844|c5_g1	 NA
TR30844|c7_g2	 NA
TR30845|c0_g2	 NA
TR30845|c1_g2	 NA
TR30846|c2_g1	 NA
TR30846|c2_g3	 NA
TR30847|c7_g2	 NA
TR30848|c0_g2	 PF04587.12,ADP_PFK_GK
TR30850|c5_g2	 PF01284.20,MARVEL
TR30850|c6_g1	 PF12661.4,hEGF;PF12662.4,cEGF;PF14670.3,FXa_inhibition
TR30850|c7_g1	 PF00153.24,Mito_carr;PF00153.24,Mito_carr;PF00153.24,Mito_carr
TR30850|c8_g3	 PF01873.14,eIF-5_eIF-2B
TR30850|c9_g2	 PF00248.18,Aldo_ket_red
TR30852|c4_g1	 PF00400.29,WD40;PF00400.29,WD40;PF00400.29,WD40;PF00400.29,WD40;PF00400.29,WD40;PF00400.29,WD40
TR30852|c5_g2	 PF00439.22,Bromodomain
TR30852|c5_g3	 NA
TR30853|c1_g1	 PF10607.6,CLTH
TR30853|c3_g1	 NA
TR30854|c1_g2	 NA
TR30855|c11_g1	 NA
TR30855|c1_g1	 NA
TR30855|c2_g1	 PF00664.20,ABC_membrane
TR30855|c4_g1	 PF00664.20,ABC_membrane
TR30855|c5_g2	 NA
TR30855|c7_g1	 NA
TR30856|c13_g1	 PF13516.3,LRR_6;PF13516.3,LRR_6;PF13516.3,LRR_6;PF13516.3,LRR_6;PF13516.3,LRR_6
TR30856|c4_g1	 NA
TR30856|c9_g1	 PF13516.3,LRR_6;PF13516.3,LRR_6;PF13516.3,LRR_6
TR30856|c9_g3	 PF13516.3,LRR_6;PF13516.3,LRR_6;PF13516.3,LRR_6;PF13516.3,LRR_6
TR30857|c2_g1	 NA
TR30857|c2_g2	 NA
TR30857|c3_g1	 NA
TR30857|c4_g3	 NA
TR30857|c5_g2	 NA
TR30857|c6_g1	 NA
TR30858|c10_g2	 PF13895.3,Ig_2;PF13927.3,Ig_3;PF13927.3,Ig_3
TR30858|c15_g1	 PF00041.18,fn3;PF00041.18,fn3
TR30858|c18_g1	 PF00041.18,fn3;PF00041.18,fn3
TR30858|c4_g1	 PF13927.3,Ig_3;PF00041.18,fn3;PF00041.18,fn3
TR30858|c5_g2	 PF00041.18,fn3;PF00041.18,fn3
TR30859|c1_g1	 NA
TR30859|c3_g1	 PF02798.17,GST_N;PF14497.3,GST_C_3
TR3085|c0_g1	 PF01145.22,Band_7
TR3085|c0_g2	 PF01145.22,Band_7
TR30860|c10_g1	 PF00155.18,Aminotran_1_2
TR30860|c13_g1	 NA
TR30860|c18_g1	 NA
TR30860|c4_g1	 NA
TR30860|c9_g1	 PF07699.10,Ephrin_rec_like;PF07699.10,Ephrin_rec_like
TR30861|c0_g2	 NA
TR30861|c2_g1	 NA
TR30862|c15_g1	 NA
TR30862|c16_g1	 NA
TR30862|c1_g1	 NA
TR30862|c22_g1	 NA
TR30862|c2_g1	 NA
TR30862|c4_g2	 PF00084.17,Sushi;PF00084.17,Sushi
TR30862|c6_g1	 PF00787.21,PX;PF14604.3,SH3_9
TR30862|c7_g1	 NA
TR30862|c7_g3	 NA
TR30862|c8_g1	 NA
TR30863|c0_g2	 PF13621.3,Cupin_8
TR30864|c0_g1	 NA
TR30865|c0_g1	 PF00004.26,AAA
TR30866|c0_g1	 PF00069.22,Pkinase;PF00018.25,SH3_1
TR30866|c1_g1	 NA
TR30866|c2_g1	 PF00017.21,SH2;PF07714.14,Pkinase_Tyr
TR30866|c4_g1	 PF07714.14,Pkinase_Tyr
TR30866|c5_g2	 PF03160.11,Calx-beta;PF03160.11,Calx-beta;PF03160.11,Calx-beta;PF03160.11,Calx-beta;PF03160.11,Calx-beta;PF03160.11,Calx-beta;PF03160.11,Calx-beta;PF03160.11,Calx-beta;PF03160.11,Calx-beta;PF03160.11,Calx-beta;PF03160.11,Calx-beta;PF03160.11,Calx-beta;PF03160.11,Calx-beta;PF13927.3,Ig_3;PF02793.19,HRM
TR30866|c6_g1	 PF00018.25,SH3_1;PF00017.21,SH2;PF07714.14,Pkinase_Tyr
TR30866|c8_g1	 NA
TR30866|c9_g1	 NA
TR30867|c19_g1	 NA
TR30867|c3_g1	 NA
TR30867|c4_g1	 PF03221.13,HTH_Tnp_Tc5
TR30867|c5_g1	 PF12796.4,Ank_2;PF12796.4,Ank_2;PF12796.4,Ank_2;PF00536.27,SAM_1
TR30867|c6_g1	 NA
TR30868|c1_g1	 PF00067.19,p450
TR30868|c1_g3	 PF00067.19,p450
TR30868|c3_g1	 NA
TR30869|c1_g1	 PF05833.8,FbpA;PF05670.10,DUF814;PF11923.5,DUF3441
TR30869|c3_g1	 NA
TR3086|c0_g1	 NA
TR30870|c4_g1	 NA
TR30870|c4_g2	 NA
TR30870|c5_g1	 NA
TR30870|c8_g1	 NA
TR30871|c1_g1	 NA
TR30871|c4_g1	 PF14214.3,Helitron_like_N
TR30872|c2_g2	 PF01569.18,PAP2
TR30872|c3_g1	 NA
TR30872|c4_g1	 NA
TR30872|c5_g1	 NA
TR30872|c9_g1	 NA
TR30873|c11_g1	 NA
TR30873|c15_g1	 NA
TR30873|c21_g1	 NA
TR30873|c22_g1	 NA
TR30873|c27_g1	 NA
TR30873|c30_g1	 NA
TR30873|c3_g1	 NA
TR30873|c3_g2	 NA
TR30873|c5_g1	 NA
TR30874|c2_g1	 NA
TR30874|c4_g2	 NA
TR30888|c0_g1	 NA
TR30892|c0_g1	 NA
TR30904|c0_g1	 NA
TR30921|c0_g1	 NA
TR30925|c0_g1	 NA
TR30991|c0_g1	 PF07714.14,Pkinase_Tyr
TR30999|c0_g2	 NA
TR31001|c0_g1	 NA
TR31001|c1_g1	 NA
TR31017|c0_g1	 PF00106.22,adh_short
TR31018|c0_g2	 NA
TR31024|c0_g1	 NA
TR31025|c0_g1	 NA
TR31032|c0_g1	 PF01637.15,ATPase_2
TR31039|c0_g1	 NA
TR31049|c0_g1	 NA
TR3104|c0_g1	 NA
TR31051|c1_g1	 NA
TR31087|c0_g1	 PF00071.19,Ras
TR31088|c0_g1	 PF03834.11,Rad10;PF12826.4,HHH_2
TR31088|c0_g2	 PF03834.11,Rad10;PF03834.11,Rad10;PF12826.4,HHH_2
TR3109|c0_g1	 NA
TR3110|c0_g1	 NA
TR31112|c0_g1	 NA
TR31116|c0_g1	 PF09068.8,EF-hand_2;PF09069.8,EF-hand_3;PF00569.14,ZZ
TR31121|c0_g1	 NA
TR31125|c0_g1	 PF00619.18,CARD
TR31129|c0_g1	 PF15871.2,JMY
TR31132|c0_g1	 NA
TR31148|c0_g1	 NA
TR31166|c0_g1	 NA
TR31177|c0_g1	 NA
TR3117|c0_g1	 NA
TR3119|c0_g1	 NA
TR31203|c10_g2	 NA
TR31203|c10_g5	 NA
TR31203|c1_g1	 NA
TR31203|c2_g1	 NA
TR31203|c2_g2	 PF14852.3,Fis1_TPR_N;PF14853.3,Fis1_TPR_C
TR31203|c3_g1	 NA
TR31203|c4_g1	 NA
TR31203|c4_g2	 PF07690.13,MFS_1
TR31203|c8_g1	 NA
TR31203|c9_g1	 NA
TR31204|c0_g2	 NA
TR31204|c0_g3	 NA
TR31204|c4_g1	 NA
TR31205|c1_g1	 NA
TR31206|c0_g1	 NA
TR31206|c0_g2	 PF00153.24,Mito_carr;PF00153.24,Mito_carr
TR31206|c0_g3	 NA
TR31208|c0_g1	 NA
TR31208|c1_g1	 NA
TR31209|c0_g1	 PF13202.3,EF-hand_5;PF13202.3,EF-hand_5
TR31210|c10_g1	 NA
TR31210|c2_g1	 NA
TR31210|c4_g2	 PF00226.28,DnaJ
TR31210|c5_g1	 NA
TR31210|c8_g2	 NA
TR31211|c2_g1	 PF16177.2,ACAS_N;PF00501.25,AMP-binding
TR31212|c0_g1	 NA
TR31212|c10_g1	 NA
TR31212|c13_g1	 NA
TR31212|c16_g1	 NA
TR31212|c1_g1	 NA
TR31212|c8_g2	 NA
TR31212|c9_g2	 PF09764.6,Nt_Gln_amidase
TR31213|c0_g1	 NA
TR31213|c1_g1	 NA
TR31213|c3_g1	 PF00076.19,RRM_1
TR31213|c3_g3	 NA
TR31214|c1_g1	 PF00640.20,PID
TR31215|c0_g1	 PF03564.12,DUF1759
TR31215|c3_g1	 NA
TR31216|c11_g1	 NA
TR31216|c2_g1	 NA
TR31216|c5_g1	 NA
TR31216|c5_g2	 NA
TR31216|c8_g1	 NA
TR31217|c12_g1	 NA
TR31217|c1_g3	 NA
TR31217|c2_g2	 NA
TR31217|c2_g4	 PF01757.19,Acyl_transf_3
TR31218|c0_g1	 NA
TR31218|c2_g2	 NA
TR31219|c0_g1	 PF00271.28,Helicase_C
TR31220|c1_g1	 PF00370.18,FGGY_N;PF02782.13,FGGY_C
TR31220|c1_g2	 PF00370.18,FGGY_N
TR31221|c0_g1	 NA
TR31221|c10_g1	 NA
TR31221|c10_g2	 NA
TR31221|c12_g1	 NA
TR31221|c1_g2	 NA
TR31221|c3_g1	 NA
TR31221|c3_g3	 NA
TR31223|c0_g1	 PF00443.26,UCH
TR31225|c11_g1	 NA
TR31225|c12_g1	 NA
TR31225|c1_g1	 PF02023.14,SCAN;PF00665.23,rve;PF00078.24,RVT_1
TR31225|c2_g1	 PF03372.20,Exo_endo_phos
TR31225|c3_g1	 NA
TR31225|c4_g1	 NA
TR31227|c1_g2	 NA
TR31227|c1_g3	 NA
TR31230|c1_g1	 NA
TR31230|c1_g2	 NA
TR31230|c1_g3	 PF06602.11,Myotub-related
TR31231|c1_g1	 PF00620.24,RhoGAP
TR31233|c0_g1	 NA
TR31233|c1_g1	 NA
TR31233|c3_g1	 NA
TR31233|c4_g1	 PF00651.28,BTB;PF07707.12,BACK;PF01344.22,Kelch_1;PF01344.22,Kelch_1;PF01344.22,Kelch_1;PF01344.22,Kelch_1;PF01344.22,Kelch_1;PF01344.22,Kelch_1
TR31234|c1_g1	 NA
TR31234|c1_g3	 NA
TR31236|c0_g2	 NA
TR31237|c1_g1	 PF00619.18,CARD
TR31237|c2_g1	 PF00656.19,Peptidase_C14
TR31238|c0_g1	 PF00378.17,ECH_1
TR31238|c1_g1	 NA
TR31238|c3_g1	 NA
TR31239|c21_g1	 NA
TR31239|c22_g1	 NA
TR31239|c2_g1	 PF00071.19,Ras
TR31239|c6_g2	 NA
TR31239|c7_g1	 NA
TR31239|c7_g4	 NA
TR31239|c8_g1	 NA
TR31242|c0_g1	 PF13895.3,Ig_2;PF13927.3,Ig_3
TR31243|c1_g1	 NA
TR31243|c2_g2	 NA
TR31243|c4_g1	 NA
TR31244|c2_g1	 NA
TR31244|c2_g2	 NA
TR31244|c3_g1	 PF00616.16,RasGAP
TR31244|c3_g3	 NA
TR31245|c0_g3	 NA
TR31247|c1_g1	 PF05193.18,Peptidase_M16_C;PF16187.2,Peptidase_M16_M
TR31248|c0_g1	 NA
TR31248|c0_g3	 PF13637.3,Ank_4
TR31249|c0_g1	 PF02008.17,zf-CXXC;PF00536.27,SAM_1
TR31250|c1_g1	 PF01063.16,Aminotran_4
TR31251|c0_g1	 NA
TR31252|c0_g2	 PF12796.4,Ank_2;PF12796.4,Ank_2;PF12796.4,Ank_2
TR31252|c0_g3	 NA
TR31252|c1_g1	 PF01207.14,Dus;PF00035.23,dsrm
TR31252|c5_g1	 NA
TR31253|c12_g1	 NA
TR31253|c13_g1	 NA
TR31253|c15_g1	 NA
TR31253|c1_g1	 NA
TR31253|c3_g3	 NA
TR31253|c4_g1	 NA
TR31253|c5_g1	 NA
TR31253|c6_g1	 NA
TR31254|c3_g3	 NA
TR31254|c6_g1	 PF00005.24,ABC_tran
TR31254|c8_g1	 NA
TR31255|c2_g2	 NA
TR31256|c3_g1	 PF10294.6,Methyltransf_16
TR31256|c4_g3	 NA
TR31256|c5_g2	 PF00069.22,Pkinase
TR31257|c3_g1	 NA
TR31257|c6_g1	 PF00617.16,RasGEF
TR31257|c6_g3	 PF00787.21,PX;PF00618.17,RasGEF_N
TR31258|c0_g3	 NA
TR31259|c0_g1	 NA
TR31260|c5_g1	 PF02460.15,Patched
TR31261|c0_g1	 NA
TR31261|c4_g1	 PF00240.20,ubiquitin;PF01485.18,IBR
TR31261|c8_g1	 NA
TR31262|c0_g1	 PF07039.8,DUF1325
TR31263|c1_g1	 NA
TR31264|c10_g1	 NA
TR31264|c1_g1	 NA
TR31264|c2_g1	 PF00622.25,SPRY
TR31264|c4_g1	 PF02263.16,GBP
TR31264|c5_g1	 NA
TR31264|c6_g1	 NA
TR31264|c7_g2	 NA
TR31265|c0_g1	 NA
TR31265|c0_g2	 NA
TR31266|c0_g1	 PF13637.3,Ank_4;PF12796.4,Ank_2;PF12796.4,Ank_2;PF12796.4,Ank_2;PF12796.4,Ank_2;PF00520.28,Ion_trans
TR31268|c12_g1	 NA
TR31268|c13_g1	 NA
TR31268|c15_g1	 NA
TR31268|c2_g2	 PF00656.19,Peptidase_C14
TR31268|c6_g1	 PF01370.18,Epimerase
TR31268|c7_g3	 PF01991.15,vATP-synt_E
TR31268|c9_g2	 NA
TR31268|c9_g4	 NA
TR31269|c0_g1	 NA
TR31269|c0_g2	 NA
TR31269|c1_g1	 PF02752.19,Arrestin_C
TR3126|c0_g1	 PF01637.15,ATPase_2
TR31271|c12_g1	 NA
TR31271|c13_g1	 NA
TR31271|c14_g1	 NA
TR31271|c1_g1	 NA
TR31271|c2_g2	 PF12872.4,OST-HTH;PF00076.19,RRM_1;PF00567.21,TUDOR
TR31271|c6_g1	 PF01786.14,AOX
TR31271|c7_g1	 NA
TR31271|c9_g1	 NA
TR31272|c0_g1	 PF00443.26,UCH;PF12436.5,USP7_ICP0_bdg
TR31272|c0_g2	 PF12436.5,USP7_ICP0_bdg;PF14533.3,USP7_C2
TR31272|c0_g3	 PF00917.23,MATH;PF00443.26,UCH
TR31273|c1_g1	 PF08318.9,COG4;PF04100.9,Vps53_N;PF08318.9,COG4
TR31273|c1_g3	 NA
TR31274|c0_g2	 NA
TR31274|c10_g1	 NA
TR31274|c11_g3	 NA
TR31274|c13_g1	 NA
TR31274|c17_g1	 NA
TR31274|c20_g1	 NA
TR31274|c2_g1	 NA
TR31274|c7_g1	 PF11176.5,DUF2962
TR31274|c9_g1	 NA
TR31274|c9_g2	 NA
TR31275|c13_g1	 NA
TR31275|c18_g1	 NA
TR31275|c2_g1	 NA
TR31275|c2_g2	 NA
TR31275|c4_g1	 PF07714.14,Pkinase_Tyr
TR31275|c4_g2	 PF00084.17,Sushi;PF00084.17,Sushi
TR31275|c6_g1	 NA
TR31275|c7_g2	 NA
TR31276|c0_g1	 PF10253.6,PRCC
TR31277|c0_g1	 PF02185.13,HR1;PF03097.15,BRO1;PF00595.21,PDZ
TR31278|c0_g1	 PF05195.13,AMP_N;PF00557.21,Peptidase_M24
TR31280|c0_g1	 PF01436.18,NHL;PF01436.18,NHL;PF01436.18,NHL;PF01436.18,NHL
TR31280|c1_g1	 PF01436.18,NHL
TR31280|c2_g1	 PF00630.16,Filamin;PF01436.18,NHL;PF01436.18,NHL;PF01436.18,NHL;PF01436.18,NHL
TR31280|c3_g4	 PF01436.18,NHL;PF01436.18,NHL
TR31280|c5_g1	 NA
TR31281|c0_g3	 NA
TR31286|c10_g1	 NA
TR31286|c11_g1	 NA
TR31286|c12_g1	 NA
TR31286|c13_g1	 NA
TR31286|c14_g1	 NA
TR31286|c3_g1	 NA
TR31286|c3_g2	 NA
TR31286|c7_g1	 PF01344.22,Kelch_1
TR31286|c9_g2	 NA
TR31287|c1_g1	 PF15002.3,ERK-JNK_inhib
TR31289|c11_g1	 NA
TR31289|c15_g1	 NA
TR31289|c17_g1	 NA
TR31289|c7_g1	 NA
TR31290|c0_g1	 PF13307.3,Helicase_C_2;PF00779.16,BTK
TR31290|c2_g1	 NA
TR31292|c0_g1	 PF07842.9,GCFC
TR31293|c2_g1	 PF04056.11,Ssl1
TR31293|c2_g2	 NA
TR31294|c0_g2	 NA
TR31294|c5_g1	 NA
TR31295|c1_g1	 NA
TR31296|c10_g1	 NA
TR31296|c10_g2	 NA
TR31296|c13_g2	 NA
TR31296|c14_g1	 NA
TR31296|c15_g1	 NA
TR31296|c3_g2	 NA
TR31296|c5_g1	 NA
TR31296|c6_g1	 PF12662.4,cEGF;PF12662.4,cEGF;PF14670.3,FXa_inhibition;PF00431.17,CUB;PF00431.17,CUB
TR31296|c6_g2	 PF12662.4,cEGF;PF12662.4,cEGF;PF14670.3,FXa_inhibition;PF00431.17,CUB;PF00431.17,CUB
TR31296|c7_g1	 NA
TR31297|c0_g1	 NA
TR31298|c0_g2	 NA
TR31299|c1_g1	 PF13637.3,Ank_4;PF13855.3,LRR_8;PF08477.10,Roc;PF16095.2,COR;PF00069.22,Pkinase
TR31299|c3_g2	 NA
TR31299|c4_g2	 NA
TR31299|c5_g1	 NA
TR31299|c5_g2	 NA
TR31299|c5_g3	 PF00210.21,Ferritin
TR31300|c2_g1	 PF12070.5,DUF3550;PF12070.5,DUF3550;PF12070.5,DUF3550
TR31301|c1_g1	 NA
TR31302|c10_g3	 NA
TR31302|c9_g2	 NA
TR31306|c0_g1	 PF00503.17,G-alpha
TR31315|c1_g1	 NA
TR31317|c0_g1	 NA
TR31320|c0_g1	 NA
TR3132|c0_g1	 NA
TR31339|c0_g2	 PF00254.25,FKBP_C
TR31360|c0_g1	 NA
TR31363|c0_g1	 NA
TR31385|c0_g1	 NA
TR31406|c0_g1	 NA
TR31412|c0_g1	 NA
TR31421|c0_g1	 PF15306.3,LIN37
TR31424|c0_g1	 PF00069.22,Pkinase
TR31425|c0_g1	 PF10242.6,L_HMGIC_fpl
TR31426|c1_g3	 PF00665.23,rve
TR31427|c0_g1	 PF00171.19,Aldedh
TR31429|c1_g1	 PF00557.21,Peptidase_M24
TR31430|c0_g1	 NA
TR31431|c0_g1	 PF14226.3,DIOX_N;PF03171.17,2OG-FeII_Oxy
TR31433|c3_g1	 NA
TR31434|c0_g1	 PF16214.2,AC_N;PF00211.17,Guanylate_cyc;PF00211.17,Guanylate_cyc
TR31436|c0_g1	 PF00160.18,Pro_isomerase
TR31437|c1_g1	 NA
TR31443|c0_g1	 NA
TR31445|c1_g1	 PF00178.19,Ets
TR31446|c0_g2	 PF01323.17,DSBA
TR31447|c0_g1	 NA
TR31447|c1_g1	 NA
TR31447|c2_g1	 NA
TR31448|c0_g1	 PF00735.15,Septin
TR31450|c0_g1	 NA
TR31451|c0_g1	 PF16679.2,CDT1_C
TR31451|c0_g2	 PF16679.2,CDT1_C
TR31451|c1_g2	 PF08839.8,CDT1
TR31452|c0_g1	 PF00169.26,PH;PF00791.17,ZU5
TR31455|c0_g1	 PF00888.19,Cullin;PF10557.6,Cullin_Nedd8
TR31455|c1_g1	 NA
TR31455|c2_g1	 PF02291.12,TFIID-31kDa
TR31460|c0_g1	 NA
TR31460|c0_g2	 NA
TR31461|c0_g1	 PF01409.17,tRNA-synt_2d;PF01409.17,tRNA-synt_2d;PF03147.11,FDX-ACB
TR31463|c0_g1	 PF03148.11,Tektin
TR31463|c0_g2	 PF03148.11,Tektin
TR31464|c0_g1	 NA
TR31465|c0_g1	 PF00583.22,Acetyltransf_1
TR31469|c0_g1	 NA
TR31472|c0_g1	 PF00531.19,Death
TR31473|c0_g1	 NA
TR31473|c0_g2	 PF01213.16,CAP_N;PF08603.8,CAP_C
TR31475|c1_g1	 NA
TR31475|c2_g1	 NA
TR31476|c0_g1	 NA
TR31478|c1_g1	 NA
TR31479|c0_g2	 PF00611.20,FCH
TR31480|c1_g1	 PF01199.15,Ribosomal_L34e
TR31483|c0_g1	 NA
TR31487|c1_g1	 PF02678.13,Pirin;PF05726.10,Pirin_C
TR31488|c0_g1	 NA
TR31488|c0_g2	 NA
TR31491|c1_g1	 PF07699.10,Ephrin_rec_like
TR31493|c0_g1	 NA
TR31493|c1_g1	 NA
TR31493|c1_g2	 PF03477.13,ATP-cone;PF00317.18,Ribonuc_red_lgN;PF02867.12,Ribonuc_red_lgC
TR31493|c1_g3	 PF02867.12,Ribonuc_red_lgC
TR31493|c2_g1	 PF07857.9,TMEM144;PF07857.9,TMEM144
TR31495|c0_g1	 NA
TR31498|c0_g1	 NA
TR31498|c0_g2	 PF01412.15,ArfGap
TR3149|c0_g1	 NA
TR314|c0_g1	 NA
TR31500|c0_g3	 PF04950.9,RIBIOP_C
TR31500|c3_g1	 NA
TR31502|c0_g2	 PF00250.15,Forkhead
TR31503|c0_g1	 PF00226.28,DnaJ;PF01556.15,DnaJ_C
TR31504|c0_g1	 PF00292.15,PAX
TR31505|c0_g1	 NA
TR31505|c1_g1	 NA
TR31505|c1_g2	 NA
TR31506|c0_g2	 PF02146.14,SIR2
TR31507|c0_g2	 PF00665.23,rve
TR31507|c1_g2	 NA
TR31510|c0_g1	 PF07690.13,MFS_1;PF07690.13,MFS_1
TR31511|c0_g1	 NA
TR31511|c0_g2	 PF09177.8,Syntaxin-6_N
TR31513|c0_g1	 PF10312.6,Cactin_mid;PF09732.6,CactinC_cactus
TR31513|c0_g2	 PF10312.6,Cactin_mid;PF09732.6,CactinC_cactus
TR31514|c4_g1	 NA
TR31516|c0_g1	 NA
TR31517|c0_g1	 PF09258.7,Glyco_transf_64
TR31519|c0_g1	 NA
TR31519|c0_g2	 PF00090.16,TSP_1;PF00090.16,TSP_1;PF00090.16,TSP_1;PF00090.16,TSP_1
TR31519|c0_g3	 PF00090.16,TSP_1
TR31606|c0_g1	 NA
TR31609|c0_g1	 PF00171.19,Aldedh
TR31627|c0_g1	 PF00643.21,zf-B_box
TR31641|c0_g1	 NA
TR31659|c0_g1	 NA
TR31668|c0_g1	 NA
TR31683|c0_g1	 NA
TR316|c0_g1	 NA
TR31711|c0_g1	 NA
TR31719|c0_g1	 PF03947.15,Ribosomal_L2_C
TR31721|c0_g1	 NA
TR31733|c0_g1	 NA
TR31758|c0_g1	 NA
TR31761|c0_g1	 NA
TR31781|c0_g1	 NA
TR31786|c0_g1	 NA
TR31805|c0_g1	 NA
TR31835|c1_g1	 PF00067.19,p450
TR31837|c0_g2	 PF01762.18,Galactosyl_T
TR31839|c0_g1	 NA
TR31839|c2_g1	 NA
TR31842|c0_g1	 PF01400.21,Astacin
TR31844|c0_g2	 PF03256.13,ANAPC10;PF00632.22,HECT
TR31845|c1_g1	 NA
TR31845|c3_g1	 NA
TR31846|c0_g1	 PF00071.19,Ras
TR31848|c0_g1	 NA
TR31849|c0_g1	 NA
TR31853|c1_g1	 NA
TR31854|c0_g1	 PF00169.26,PH
TR31855|c0_g2	 NA
TR31856|c0_g1	 NA
TR31857|c2_g1	 PF00009.24,GTP_EFTU
TR31857|c2_g2	 PF00009.24,GTP_EFTU;PF03144.22,GTP_EFTU_D2;PF03143.14,GTP_EFTU_D3
TR31859|c2_g1	 NA
TR31859|c3_g1	 NA
TR31859|c5_g1	 NA
TR31859|c6_g2	 NA
TR31860|c0_g1	 PF00564.21,PB1;PF00569.14,ZZ;PF16158.2,N_BRCA1_IG
TR31860|c1_g1	 NA
TR31861|c0_g1	 NA
TR31861|c0_g2	 PF00233.16,PDEase_I
TR31862|c0_g1	 NA
TR31862|c0_g2	 PF10267.6,Tmemb_cc2
TR31863|c1_g1	 NA
TR31863|c2_g1	 NA
TR31863|c3_g2	 NA
TR31863|c3_g3	 PF00319.15,SRF-TF
TR31863|c4_g4	 PF01149.21,Fapy_DNA_glyco
TR31864|c0_g2	 NA
TR31866|c0_g1	 NA
TR31868|c1_g1	 NA
TR31869|c0_g1	 NA
TR31870|c0_g2	 PF00020.15,TNFR_c6
TR31871|c0_g1	 PF15874.2,Il2rg
TR31873|c0_g2	 NA
TR31874|c0_g1	 PF08007.9,Cupin_4
TR31875|c1_g1	 PF00995.20,Sec1
TR31877|c2_g1	 NA
TR31877|c4_g1	 PF16070.2,TMEM132
TR31877|c4_g2	 PF16070.2,TMEM132;PF00963.15,Cohesin
TR31878|c0_g1	 NA
TR31879|c0_g1	 NA
TR31879|c1_g1	 NA
TR31880|c0_g1	 NA
TR31880|c0_g2	 PF01212.18,Beta_elim_lyase
TR31881|c1_g1	 NA
TR31882|c1_g2	 PF10408.6,Ufd2P_core;PF04564.12,U-box
TR31882|c2_g1	 NA
TR31882|c3_g1	 NA
TR31883|c0_g1	 NA
TR31885|c0_g1	 PF13905.3,Thioredoxin_8;PF01436.18,NHL
TR31886|c0_g1	 NA
TR31886|c2_g2	 NA
TR31886|c3_g1	 NA
TR31888|c0_g1	 NA
TR31891|c0_g2	 NA
TR31891|c0_g3	 NA
TR31892|c1_g1	 NA
TR31894|c2_g2	 PF00665.23,rve
TR31894|c2_g3	 PF00078.24,RVT_1
TR31895|c4_g1	 PF03098.12,An_peroxidase
TR31895|c6_g1	 NA
TR31896|c0_g1	 PF00076.19,RRM_1
TR31897|c0_g1	 PF00515.25,TPR_1;PF13181.3,TPR_8
TR31897|c0_g2	 NA
TR31897|c1_g1	 NA
TR31899|c1_g1	 NA
TR31899|c2_g1	 NA
TR31899|c3_g2	 NA
TR31900|c0_g1	 PF02185.13,HR1;PF02185.13,HR1;PF02185.13,HR1;PF00069.22,Pkinase;PF00433.21,Pkinase_C
TR31901|c1_g1	 NA
TR31902|c0_g2	 PF00400.29,WD40
TR31905|c1_g1	 NA
TR31906|c0_g1	 PF13598.3,DUF4139;PF00240.20,ubiquitin
TR31908|c0_g1	 PF00852.16,Glyco_transf_10
TR31909|c0_g1	 PF02127.12,Peptidase_M18
TR3190|c0_g1	 NA
TR31910|c0_g1	 PF13385.3,Laminin_G_3
TR31910|c1_g1	 PF15787.2,DUF4704;PF06469.8,DUF1088;PF14844.3,PH_BEACH;PF02138.15,Beach
TR31910|c1_g2	 NA
TR31911|c0_g1	 PF00643.21,zf-B_box;PF00643.21,zf-B_box
TR31911|c0_g2	 PF00630.16,Filamin;PF01436.18,NHL;PF01436.18,NHL;PF01436.18,NHL;PF01436.18,NHL;PF01436.18,NHL;PF01436.18,NHL
TR31912|c0_g1	 PF13019.3,Telomere_Sde2;PF13297.3,Telomere_Sde2_2
TR31913|c0_g1	 PF00271.28,Helicase_C
TR31913|c0_g2	 PF00270.26,DEAD
TR31914|c2_g1	 PF01233.16,NMT;PF02799.12,NMT_C
TR31915|c1_g2	 NA
TR31915|c2_g2	 PF01490.15,Aa_trans
TR31915|c3_g1	 PF00069.22,Pkinase
TR31915|c3_g2	 PF00069.22,Pkinase
TR31915|c3_g3	 PF08332.7,CaMKII_AD
TR31915|c6_g5	 PF00884.20,Sulfatase
TR31916|c0_g1	 NA
TR31917|c10_g1	 NA
TR31917|c11_g2	 NA
TR31917|c12_g1	 PF00069.22,Pkinase
TR31917|c14_g1	 NA
TR31917|c15_g1	 PF00459.22,Inositol_P
TR31917|c17_g1	 NA
TR31917|c23_g1	 NA
TR31917|c3_g2	 NA
TR31917|c8_g1	 NA
TR31918|c0_g1	 NA
TR31920|c0_g1	 PF04055.18,Radical_SAM;PF16199.2,Radical_SAM_C
TR31920|c0_g2	 PF16199.2,Radical_SAM_C;PF00583.22,Acetyltransf_1
TR31922|c0_g3	 PF00041.18,fn3
TR31923|c9_g1	 NA
TR31924|c0_g1	 PF00149.25,Metallophos
TR31924|c0_g2	 NA
TR31925|c0_g1	 PF01694.19,Rhomboid
TR31927|c0_g2	 NA
TR31928|c0_g2	 PF00069.22,Pkinase
TR31929|c0_g1	 PF01636.20,APH
TR3192|c0_g1	 PF00531.19,Death;PF04548.13,AIG1
TR31930|c0_g1	 PF03567.11,Sulfotransfer_2
TR31931|c0_g1	 PF00018.25,SH3_1;PF00620.24,RhoGAP
TR31932|c1_g1	 NA
TR31932|c1_g2	 NA
TR31933|c0_g1	 PF13738.3,Pyr_redox_3
TR31933|c0_g2	 NA
TR31933|c0_g3	 PF13738.3,Pyr_redox_3
TR31934|c0_g1	 PF01546.25,Peptidase_M20;PF07687.11,M20_dimer
TR31934|c1_g1	 PF01546.25,Peptidase_M20
TR3193|c0_g1	 PF00266.16,Aminotran_5
TR31950|c0_g1	 PF01138.18,RNase_PH
TR31950|c0_g2	 NA
TR3196|c4_g2	 NA
TR3196|c4_g3	 PF01299.14,Lamp
TR31973|c1_g1	 NA
TR3199|c0_g1	 NA
TR3199|c1_g2	 PF00665.23,rve
TR3199|c1_g4	 NA
TR3199|c2_g1	 NA
TR31|c0_g1	 NA
TR32013|c0_g1	 NA
TR3202|c0_g1	 NA
TR32030|c0_g1	 NA
TR32036|c0_g1	 NA
TR3204|c0_g1	 PF02014.13,Reeler
TR3204|c0_g2	 NA
TR3204|c1_g1	 NA
TR3205|c0_g1	 PF14529.3,Exo_endo_phos_2;PF00078.24,RVT_1
TR3206|c0_g1	 NA
TR3206|c2_g1	 PF01532.17,Glyco_hydro_47
TR3207|c1_g2	 PF00235.16,Profilin;PF00406.19,ADK;PF05191.11,ADK_lid
TR3207|c2_g1	 PF02517.13,Abi
TR32092|c1_g1	 NA
TR32094|c0_g1	 NA
TR32098|c0_g1	 NA
TR3209|c0_g1	 PF00400.29,WD40;PF00400.29,WD40;PF00400.29,WD40
TR3209|c0_g3	 NA
TR32105|c0_g1	 NA
TR32105|c0_g2	 NA
TR32112|c1_g1	 NA
TR32124|c0_g1	 NA
TR32128|c0_g1	 NA
TR32133|c2_g2	 NA
TR32133|c5_g1	 NA
TR32134|c1_g1	 NA
TR32134|c1_g2	 NA
TR32135|c4_g1	 NA
TR32136|c0_g1	 PF04818.10,CTD_bind;PF00076.19,RRM_1
TR32137|c1_g1	 NA
TR32137|c6_g2	 PF13920.3,zf-C3HC4_3
TR32137|c6_g3	 NA
TR32137|c8_g1	 NA
TR32137|c8_g2	 NA
TR32137|c8_g3	 PF13520.3,AA_permease_2
TR32138|c0_g2	 NA
TR32138|c1_g1	 PF00102.24,Y_phosphatase;PF00102.24,Y_phosphatase
TR32138|c3_g1	 NA
TR32138|c4_g1	 PF07679.13,I-set
TR3213|c0_g1	 PF00023.27,Ank;PF12796.4,Ank_2
TR32140|c0_g1	 NA
TR32140|c10_g1	 PF02854.16,MIF4G
TR32140|c11_g1	 PF05783.8,DLIC
TR32140|c12_g1	 NA
TR32140|c14_g1	 PF00083.21,Sugar_tr
TR32140|c14_g2	 PF07690.13,MFS_1
TR32140|c15_g1	 NA
TR32140|c17_g1	 NA
TR32140|c21_g1	 NA
TR32140|c3_g4	 NA
TR32140|c4_g2	 NA
TR32140|c7_g2	 NA
TR32140|c9_g2	 NA
TR32141|c0_g1	 NA
TR32142|c1_g1	 PF00533.23,BRCT;PF00004.26,AAA;PF08519.9,RFC1
TR32144|c0_g1	 NA
TR32144|c0_g2	 NA
TR32144|c2_g2	 NA
TR32144|c5_g2	 PF00531.19,Death
TR32144|c5_g4	 NA
TR32144|c6_g1	 NA
TR32144|c6_g2	 NA
TR32144|c6_g4	 PF16095.2,COR
TR32144|c6_g6	 NA
TR32145|c3_g1	 NA
TR32145|c5_g1	 NA
TR32145|c6_g2	 PF12796.4,Ank_2
TR32146|c0_g1	 PF07714.14,Pkinase_Tyr
TR32146|c0_g2	 PF07714.14,Pkinase_Tyr
TR32146|c1_g1	 PF00017.21,SH2
TR32146|c3_g1	 NA
TR32147|c12_g3	 PF00017.21,SH2
TR32147|c16_g1	 NA
TR32147|c6_g1	 NA
TR32147|c7_g1	 NA
TR32147|c8_g1	 PF00078.24,RVT_1;PF13456.3,RVT_3
TR32147|c9_g1	 NA
TR32148|c10_g1	 NA
TR32148|c11_g1	 NA
TR32148|c11_g4	 NA
TR32148|c12_g1	 NA
TR32148|c18_g1	 NA
TR32148|c19_g1	 NA
TR32148|c20_g1	 NA
TR32148|c25_g1	 NA
TR32148|c6_g1	 NA
TR32148|c8_g2	 NA
TR32148|c8_g4	 PF00078.24,RVT_1
TR32149|c0_g1	 PF10609.6,ParA;PF10609.6,ParA
TR32149|c1_g1	 PF00090.16,TSP_1;PF00090.16,TSP_1
TR32149|c1_g3	 PF00090.16,TSP_1;PF00090.16,TSP_1
TR32149|c1_g4	 PF00090.16,TSP_1;PF00090.16,TSP_1;PF00090.16,TSP_1
TR3214|c0_g2	 NA
TR3214|c1_g1	 PF00400.29,WD40
TR32150|c0_g2	 NA
TR32151|c11_g2	 NA
TR32151|c13_g1	 NA
TR32151|c20_g1	 NA
TR32151|c21_g1	 NA
TR32151|c22_g1	 NA
TR32151|c2_g2	 NA
TR32151|c5_g1	 NA
TR32151|c8_g1	 PF00041.18,fn3
TR32152|c12_g1	 NA
TR32152|c1_g1	 NA
TR32152|c4_g1	 NA
TR32152|c6_g1	 PF01066.18,CDP-OH_P_transf
TR32152|c7_g1	 NA
TR32152|c8_g1	 NA
TR32152|c9_g1	 NA
TR32153|c3_g1	 NA
TR32154|c0_g1	 PF02137.15,A_deamin;PF02137.15,A_deamin
TR32155|c0_g1	 PF12456.5,hSac2
TR32155|c0_g2	 PF12456.5,hSac2
TR32155|c10_g2	 NA
TR32155|c14_g1	 NA
TR32155|c2_g1	 NA
TR32156|c10_g1	 NA
TR32156|c3_g1	 NA
TR32156|c6_g3	 NA
TR32156|c7_g1	 PF12796.4,Ank_2
TR32156|c7_g3	 PF00781.21,DAGK_cat;PF00609.16,DAGK_acc
TR32156|c8_g1	 NA
TR32156|c9_g1	 NA
TR32156|c9_g2	 PF15469.3,Sec5
TR32157|c0_g3	 NA
TR32159|c0_g3	 NA
TR3215|c1_g1	 NA
TR32160|c11_g1	 NA
TR32160|c14_g1	 NA
TR32160|c23_g1	 NA
TR32160|c4_g2	 NA
TR32160|c6_g1	 NA
TR32160|c7_g1	 NA
TR32160|c8_g2	 NA
TR32161|c10_g1	 NA
TR32161|c12_g1	 NA
TR32161|c15_g1	 NA
TR32161|c16_g1	 NA
TR32161|c18_g1	 NA
TR32161|c24_g1	 NA
TR32161|c25_g1	 NA
TR32161|c5_g2	 NA
TR32161|c8_g1	 NA
TR32162|c0_g1	 PF02828.13,L27;PF00595.21,PDZ
TR32162|c1_g1	 PF00412.19,LIM
TR32163|c0_g2	 PF00090.16,TSP_1;PF00090.16,TSP_1;PF00090.16,TSP_1;PF00090.16,TSP_1
TR32164|c2_g1	 NA
TR32165|c2_g4	 PF00092.25,VWA
TR32165|c2_g5	 PF00092.25,VWA
TR32167|c1_g1	 PF03160.11,Calx-beta
TR32167|c2_g2	 PF03160.11,Calx-beta
TR32167|c2_g3	 PF03160.11,Calx-beta;PF03160.11,Calx-beta
TR32168|c0_g2	 NA
TR32168|c13_g1	 NA
TR32168|c2_g1	 NA
TR32168|c4_g1	 NA
TR32168|c4_g2	 NA
TR32168|c6_g1	 NA
TR32168|c7_g1	 NA
TR32169|c1_g1	 NA
TR32169|c5_g1	 NA
TR3216|c0_g1	 PF05649.10,Peptidase_M13_N;PF01431.18,Peptidase_M13
TR32170|c1_g1	 NA
TR32171|c0_g2	 PF01841.16,Transglut_core;PF00927.19,Transglut_C;PF00927.19,Transglut_C
TR32171|c1_g1	 NA
TR32172|c0_g2	 NA
TR32172|c0_g3	 PF07714.14,Pkinase_Tyr
TR32173|c3_g1	 PF00618.17,RasGEF_N;PF00617.16,RasGEF
TR32173|c4_g1	 NA
TR32173|c6_g2	 NA
TR32173|c8_g1	 PF00656.19,Peptidase_C14;PF00035.23,dsrm
TR32173|c8_g2	 NA
TR32173|c9_g1	 NA
TR32174|c0_g2	 PF00002.21,7tm_2
TR32175|c1_g2	 NA
TR32175|c2_g1	 NA
TR32175|c4_g2	 NA
TR32175|c4_g3	 NA
TR32175|c5_g1	 NA
TR32175|c6_g2	 PF02174.14,IRS
TR32175|c6_g3	 NA
TR32175|c7_g1	 PF00638.15,Ran_BP1
TR32176|c5_g1	 NA
TR32176|c7_g1	 NA
TR32176|c8_g1	 NA
TR32177|c0_g1	 NA
TR32177|c1_g1	 PF07714.14,Pkinase_Tyr
TR32177|c2_g1	 NA
TR32177|c4_g1	 NA
TR32177|c6_g2	 NA
TR32177|c7_g1	 PF07714.14,Pkinase_Tyr
TR32178|c1_g1	 PF00028.14,Cadherin;PF00028.14,Cadherin
TR32178|c2_g1	 PF00028.14,Cadherin
TR32178|c4_g1	 PF00047.22,ig;PF00008.24,EGF;PF00017.21,SH2
TR32179|c10_g1	 NA
TR32179|c1_g1	 NA
TR32179|c3_g1	 NA
TR32179|c4_g2	 NA
TR32179|c8_g1	 NA
TR3217|c1_g1	 PF12937.4,F-box-like
TR32180|c7_g2	 PF13445.3,zf-RING_UBOX
TR32180|c7_g3	 PF12816.4,Vps8;PF00637.17,Clathrin
TR32181|c15_g1	 PF14752.3,RBP_receptor
TR32181|c16_g1	 PF00003.19,7tm_3
TR32181|c19_g1	 NA
TR32181|c3_g1	 PF00003.19,7tm_3
TR32181|c5_g1	 PF01094.25,ANF_receptor;PF00003.19,7tm_3
TR32181|c7_g2	 NA
TR32181|c8_g2	 PF01094.25,ANF_receptor;PF00003.19,7tm_3
TR32181|c9_g1	 NA
TR32182|c0_g1	 PF05743.10,UEV;PF09454.7,Vps23_core
TR32182|c2_g2	 PF12068.5,DUF3548;PF00566.15,RabGAP-TBC
TR32182|c2_g3	 NA
TR32182|c5_g1	 PF00106.22,adh_short
TR32182|c7_g1	 NA
TR32182|c8_g1	 NA
TR32183|c10_g1	 NA
TR32183|c4_g2	 NA
TR32183|c6_g1	 NA
TR32183|c6_g2	 PF02990.13,EMP70
TR32183|c8_g1	 NA
TR32183|c9_g1	 NA
TR32185|c1_g1	 PF00009.24,GTP_EFTU;PF03144.22,GTP_EFTU_D2;PF14492.3,EFG_II;PF03764.15,EFG_IV;PF00679.21,EFG_C
TR32186|c0_g1	 NA
TR32186|c1_g1	 NA
TR32186|c2_g1	 PF13927.3,Ig_3
TR32186|c3_g1	 NA
TR32186|c4_g2	 PF13895.3,Ig_2;PF13927.3,Ig_3
TR32186|c7_g1	 NA
TR32187|c0_g1	 NA
TR32188|c11_g1	 NA
TR32188|c19_g1	 NA
TR32188|c3_g1	 PF02174.14,IRS
TR32188|c7_g1	 PF16739.2,CARD_2
TR32189|c10_g1	 NA
TR32189|c5_g1	 PF00069.22,Pkinase;PF00443.26,UCH;PF00443.26,UCH
TR32189|c6_g1	 PF16017.2,BTB_3
TR32189|c6_g2	 NA
TR32189|c7_g1	 PF01422.14,zf-NF-X1;PF01422.14,zf-NF-X1;PF01422.14,zf-NF-X1;PF01422.14,zf-NF-X1
TR32189|c7_g2	 PF01422.14,zf-NF-X1;PF01422.14,zf-NF-X1;PF01422.14,zf-NF-X1;PF01422.14,zf-NF-X1;PF01422.14,zf-NF-X1;PF01422.14,zf-NF-X1;PF01422.14,zf-NF-X1
TR32189|c8_g2	 NA
TR3218|c0_g1	 NA
TR32190|c11_g1	 NA
TR32190|c2_g1	 NA
TR32190|c7_g1	 PF02992.11,Transposase_21
TR32192|c24_g1	 NA
TR32192|c2_g1	 PF00530.15,SRCR
TR32192|c2_g2	 PF00530.15,SRCR;PF00530.15,SRCR
TR32192|c3_g1	 PF03160.11,Calx-beta;PF03160.11,Calx-beta
TR32192|c3_g3	 PF03160.11,Calx-beta;PF03160.11,Calx-beta
TR32192|c5_g1	 PF01825.18,GPS
TR32193|c0_g1	 NA
TR32193|c1_g1	 NA
TR32193|c2_g1	 NA
TR32193|c3_g2	 PF00333.17,Ribosomal_S5;PF03719.12,Ribosomal_S5_C
TR32193|c4_g2	 NA
TR32194|c1_g2	 NA
TR32194|c4_g1	 PF06119.11,NIDO;PF00041.18,fn3;PF00041.18,fn3
TR32194|c4_g3	 NA
TR32194|c4_g5	 PF06119.11,NIDO
TR32194|c4_g6	 PF06119.11,NIDO
TR32194|c5_g1	 NA
TR32195|c12_g1	 PF13516.3,LRR_6;PF13516.3,LRR_6;PF13516.3,LRR_6
TR32195|c13_g1	 NA
TR32195|c14_g1	 PF13516.3,LRR_6;PF13516.3,LRR_6
TR32195|c15_g1	 PF13516.3,LRR_6;PF13516.3,LRR_6;PF13516.3,LRR_6
TR32195|c3_g1	 NA
TR32195|c3_g2	 PF13516.3,LRR_6;PF13516.3,LRR_6;PF13516.3,LRR_6
TR32195|c6_g3	 PF13516.3,LRR_6;PF13516.3,LRR_6;PF13516.3,LRR_6;PF13516.3,LRR_6
TR32195|c8_g1	 PF13516.3,LRR_6
TR32195|c8_g3	 PF13516.3,LRR_6;PF13516.3,LRR_6;PF13516.3,LRR_6;PF13516.3,LRR_6;PF13516.3,LRR_6;PF13516.3,LRR_6;PF13516.3,LRR_6;PF13516.3,LRR_6;PF13516.3,LRR_6
TR32196|c0_g1	 PF11865.5,DUF3385;PF02259.20,FAT;PF08771.8,Rapamycin_bind;PF00454.24,PI3_PI4_kinase
TR32196|c0_g2	 NA
TR32197|c0_g1	 NA
TR32197|c3_g1	 NA
TR32197|c4_g2	 PF03071.12,GNT-I
TR32197|c7_g1	 PF05729.9,NACHT;PF13516.3,LRR_6;PF13516.3,LRR_6;PF13516.3,LRR_6
TR32197|c8_g1	 NA
TR32197|c8_g2	 NA
TR32197|c9_g1	 NA
TR32199|c3_g3	 NA
TR32199|c4_g3	 PF10397.6,ADSL_C
TR32200|c2_g1	 NA
TR32201|c0_g1	 PF00335.17,Tetraspannin
TR32201|c1_g1	 NA
TR32201|c3_g1	 NA
TR32201|c6_g1	 NA
TR32202|c9_g2	 NA
TR32203|c11_g1	 PF13516.3,LRR_6;PF13516.3,LRR_6;PF13516.3,LRR_6
TR32203|c14_g1	 PF05729.9,NACHT
TR32203|c18_g1	 NA
TR32203|c3_g2	 NA
TR32203|c7_g1	 PF02535.19,Zip
TR32203|c7_g2	 NA
TR32203|c8_g1	 NA
TR32205|c0_g2	 PF00670.18,AdoHcyase_NAD;PF05221.14,AdoHcyase
TR32205|c1_g1	 PF10491.6,Nrf1_DNA-bind
TR32205|c2_g1	 NA
TR32205|c2_g2	 NA
TR32206|c0_g1	 NA
TR32206|c2_g1	 PF08568.7,Kinetochor_Ybp2
TR32208|c1_g2	 PF02014.13,Reeler
TR32208|c2_g2	 NA
TR32208|c3_g1	 NA
TR32208|c5_g1	 NA
TR32209|c0_g1	 NA
TR32210|c0_g1	 PF00041.18,fn3
TR32210|c6_g1	 PF00047.22,ig
TR32210|c7_g2	 NA
TR32210|c8_g1	 NA
TR32211|c11_g1	 NA
TR32211|c2_g1	 NA
TR32211|c2_g2	 NA
TR32211|c5_g1	 NA
TR32211|c6_g1	 PF13205.3,Big_5
TR32211|c6_g2	 NA
TR32211|c8_g1	 NA
TR32211|c9_g1	 NA
TR32212|c6_g1	 NA
TR32213|c13_g1	 NA
TR32213|c14_g1	 NA
TR32213|c1_g1	 NA
TR32213|c6_g3	 PF10551.6,MULE
TR32213|c7_g1	 NA
TR32213|c8_g1	 NA
TR32213|c8_g2	 NA
TR32214|c2_g2	 NA
TR32214|c3_g1	 PF00735.15,Septin
TR32214|c4_g1	 NA
TR32214|c6_g2	 NA
TR32214|c7_g1	 NA
TR32214|c7_g2	 NA
TR32215|c0_g1	 NA
TR32215|c14_g1	 NA
TR32215|c21_g1	 NA
TR32215|c3_g2	 NA
TR32215|c4_g1	 NA
TR32215|c4_g2	 PF14844.3,PH_BEACH;PF02138.15,Beach;PF00400.29,WD40;PF00400.29,WD40;PF12894.4,ANAPC4_WD40
TR32215|c5_g1	 PF00928.18,Adap_comp_sub
TR32215|c9_g1	 NA
TR32216|c10_g1	 NA
TR32216|c11_g1	 NA
TR32216|c14_g1	 NA
TR32216|c17_g1	 NA
TR32216|c1_g1	 NA
TR32216|c1_g2	 PF01562.16,Pep_M12B_propep;PF13574.3,Reprolysin_2;PF00200.20,Disintegrin
TR32216|c21_g1	 NA
TR32216|c6_g1	 NA
TR32216|c8_g3	 NA
TR32216|c9_g1	 NA
TR32217|c1_g1	 PF00078.24,RVT_1
TR32218|c10_g1	 NA
TR32218|c13_g1	 NA
TR32218|c3_g1	 PF00400.29,WD40;PF00400.29,WD40;PF00400.29,WD40;PF00400.29,WD40;PF00400.29,WD40;PF00400.29,WD40;PF00400.29,WD40;PF00400.29,WD40;PF00400.29,WD40
TR32218|c4_g1	 NA
TR32218|c5_g2	 NA
TR32218|c7_g1	 PF09011.7,HMG_box_2;PF02946.11,GTF2I
TR32218|c8_g1	 NA
TR32219|c2_g1	 NA
TR32219|c3_g3	 NA
TR32219|c4_g1	 NA
TR32219|c5_g1	 NA
TR32219|c6_g2	 NA
TR32219|c7_g1	 NA
TR32219|c7_g3	 PF07714.14,Pkinase_Tyr
TR32220|c10_g4	 NA
TR32220|c12_g2	 PF14763.3,HPS3_C
TR32220|c12_g3	 PF14761.3,HPS3_N;PF14762.3,HPS3_Mid;PF14763.3,HPS3_C
TR32220|c13_g1	 NA
TR32220|c21_g1	 NA
TR32220|c3_g1	 NA
TR32220|c6_g1	 PF00076.19,RRM_1;PF00076.19,RRM_1;PF13855.3,LRR_8;PF03372.20,Exo_endo_phos
TR32220|c6_g3	 PF00076.19,RRM_1;PF00076.19,RRM_1;PF13855.3,LRR_8;PF03372.20,Exo_endo_phos
TR32220|c8_g2	 NA
TR32221|c10_g1	 NA
TR32221|c11_g1	 NA
TR32221|c15_g1	 NA
TR32221|c2_g2	 PF13469.3,Sulfotransfer_3
TR32221|c5_g1	 NA
TR32221|c5_g2	 PF00076.19,RRM_1;PF01805.17,Surp;PF08312.9,cwf21
TR32221|c7_g1	 PF01771.14,Herpes_alk_exo
TR32222|c0_g1	 NA
TR32222|c0_g3	 NA
TR32223|c2_g1	 PF00225.20,Kinesin
TR32223|c2_g2	 PF00787.21,PX
TR32224|c10_g4	 PF05978.13,UNC-93
TR32224|c12_g1	 NA
TR32224|c18_g1	 NA
TR32224|c22_g1	 NA
TR32224|c3_g1	 NA
TR32224|c4_g2	 NA
TR32224|c5_g1	 PF09765.6,WD-3
TR32224|c5_g2	 PF09765.6,WD-3;PF11793.5,FANCL_C
TR32224|c7_g2	 NA
TR32224|c8_g1	 PF00169.26,PH;PF01412.15,ArfGap;PF00169.26,PH
TR32225|c2_g1	 NA
TR32225|c4_g2	 NA
TR32225|c7_g1	 PF00324.18,AA_permease
TR32225|c7_g2	 PF00324.18,AA_permease
TR32225|c7_g3	 PF03522.12,SLC12;PF03522.12,SLC12;PF03522.12,SLC12
TR32225|c9_g1	 NA
TR32227|c17_g1	 NA
TR32227|c1_g1	 NA
TR32227|c1_g2	 NA
TR32227|c3_g2	 NA
TR32227|c4_g1	 PF14969.3,DUF4508
TR32227|c4_g2	 NA
TR32227|c5_g2	 PF00078.24,RVT_1;PF00077.17,RVP
TR32227|c5_g3	 NA
TR32227|c6_g1	 PF04840.9,Vps16_C
TR32228|c10_g1	 NA
TR32228|c11_g1	 PF07679.13,I-set;PF13927.3,Ig_3;PF13895.3,Ig_2;PF00047.22,ig;PF13895.3,Ig_2;PF00089.23,Trypsin
TR32228|c1_g1	 NA
TR32228|c5_g2	 NA
TR32228|c8_g1	 PF13927.3,Ig_3;PF13927.3,Ig_3;PF07679.13,I-set;PF00047.22,ig;PF07679.13,I-set;PF13927.3,Ig_3;PF13927.3,Ig_3;PF13927.3,Ig_3;PF14670.3,FXa_inhibition;PF00089.23,Trypsin
TR32228|c9_g1	 PF13927.3,Ig_3;PF13927.3,Ig_3;PF07679.13,I-set
TR32229|c0_g1	 NA
TR32229|c0_g2	 PF12937.4,F-box-like;PF13516.3,LRR_6;PF13516.3,LRR_6;PF13516.3,LRR_6
TR32229|c1_g1	 NA
TR3222|c0_g1	 PF01529.17,zf-DHHC
TR32230|c11_g1	 NA
TR32230|c3_g1	 NA
TR32230|c4_g1	 NA
TR32230|c5_g1	 NA
TR32230|c8_g1	 NA
TR32231|c0_g1	 NA
TR32231|c1_g2	 NA
TR32232|c0_g2	 PF00566.15,RabGAP-TBC
TR32232|c12_g1	 NA
TR32232|c13_g1	 NA
TR32232|c13_g2	 NA
TR32232|c14_g1	 NA
TR32232|c1_g1	 NA
TR32232|c20_g1	 PF00069.22,Pkinase
TR32232|c25_g1	 NA
TR32232|c2_g2	 PF00078.24,RVT_1
TR32232|c5_g2	 NA
TR32233|c1_g1	 NA
TR32233|c5_g1	 NA
TR32233|c7_g1	 PF12902.4,Ferritin-like
TR32233|c7_g2	 NA
TR32233|c7_g3	 NA
TR32233|c8_g1	 PF13843.3,DDE_Tnp_1_7
TR32234|c1_g1	 NA
TR32234|c4_g1	 NA
TR32234|c4_g2	 PF03403.10,PAF-AH_p_II
TR32234|c4_g3	 PF03403.10,PAF-AH_p_II
TR32234|c8_g1	 NA
TR32236|c10_g1	 NA
TR32236|c12_g3	 PF13927.3,Ig_3
TR32236|c4_g1	 NA
TR32236|c4_g2	 NA
TR32236|c8_g2	 NA
TR32237|c0_g2	 PF08442.7,ATP-grasp_2;PF00549.16,Ligase_CoA
TR32237|c13_g1	 NA
TR32237|c15_g1	 NA
TR32237|c6_g1	 NA
TR32238|c13_g1	 NA
TR32238|c17_g1	 NA
TR32238|c18_g1	 NA
TR32238|c19_g1	 NA
TR32238|c25_g1	 NA
TR32238|c5_g1	 NA
TR32238|c6_g1	 NA
TR32238|c7_g1	 NA
TR32239|c16_g1	 NA
TR32239|c2_g1	 NA
TR32239|c9_g1	 NA
TR32240|c0_g1	 NA
TR32240|c0_g2	 NA
TR32240|c1_g2	 PF13927.3,Ig_3;PF01582.17,TIR
TR32240|c3_g1	 NA
TR32240|c4_g1	 NA
TR32240|c4_g2	 NA
TR32240|c5_g2	 NA
TR32240|c9_g1	 NA
TR32241|c2_g1	 PF01436.18,NHL
TR32241|c2_g2	 PF01436.18,NHL
TR32241|c3_g1	 NA
TR32241|c6_g3	 NA
TR32242|c1_g1	 PF00566.15,RabGAP-TBC
TR32242|c3_g1	 NA
TR32242|c5_g1	 NA
TR32243|c11_g1	 NA
TR32243|c5_g3	 NA
TR32243|c7_g1	 PF03381.12,CDC50;PF03381.12,CDC50
TR32243|c9_g1	 NA
TR32244|c0_g1	 NA
TR32244|c0_g2	 NA
TR32244|c1_g1	 NA
TR32245|c0_g1	 NA
TR32245|c11_g1	 PF00501.25,AMP-binding
TR32245|c19_g1	 NA
TR32245|c3_g2	 NA
TR32245|c6_g2	 NA
TR32245|c8_g1	 NA
TR32246|c2_g1	 NA
TR32246|c4_g2	 NA
TR32246|c5_g3	 NA
TR32246|c5_g4	 NA
TR32246|c6_g1	 NA
TR32246|c6_g2	 NA
TR32246|c8_g1	 NA
TR32247|c12_g1	 NA
TR32247|c13_g1	 NA
TR32247|c14_g1	 NA
TR32247|c16_g1	 NA
TR32247|c20_g1	 NA
TR32247|c4_g1	 PF13639.3,zf-RING_2
TR32247|c8_g1	 NA
TR32247|c9_g2	 PF02014.13,Reeler
TR32248|c11_g1	 NA
TR32248|c1_g1	 NA
TR32248|c6_g1	 NA
TR32248|c9_g1	 NA
TR3224|c0_g1	 PF00651.28,BTB;PF01344.22,Kelch_1;PF01344.22,Kelch_1;PF01344.22,Kelch_1;PF01344.22,Kelch_1;PF01344.22,Kelch_1;PF01344.22,Kelch_1
TR32251|c17_g1	 NA
TR32251|c2_g1	 NA
TR32251|c4_g2	 PF03343.10,SART-1
TR32251|c5_g1	 NA
TR32251|c5_g3	 NA
TR32251|c8_g1	 NA
TR32252|c1_g1	 NA
TR32252|c2_g1	 PF05047.13,L51_S25_CI-B8
TR32252|c4_g1	 NA
TR32253|c10_g1	 NA
TR32253|c12_g1	 NA
TR32253|c15_g1	 NA
TR32253|c16_g1	 NA
TR32253|c5_g1	 NA
TR32254|c2_g1	 NA
TR32254|c2_g2	 PF01391.15,Collagen
TR32255|c2_g1	 NA
TR32255|c2_g2	 NA
TR32255|c2_g3	 NA
TR32255|c3_g3	 NA
TR32255|c4_g1	 NA
TR32255|c5_g1	 NA
TR32256|c0_g1	 NA
TR32256|c16_g1	 NA
TR32256|c1_g1	 NA
TR32256|c3_g1	 NA
TR32256|c5_g1	 NA
TR32257|c5_g1	 NA
TR32257|c6_g1	 NA
TR32257|c6_g3	 NA
TR32258|c5_g1	 NA
TR32258|c5_g2	 PF06119.11,NIDO;PF00094.22,VWD
TR32259|c2_g2	 NA
TR32259|c7_g1	 NA
TR32260|c1_g2	 NA
TR32260|c2_g1	 NA
TR32260|c3_g1	 NA
TR32260|c5_g1	 NA
TR32261|c1_g2	 PF03464.12,eRF1_2;PF03465.12,eRF1_3
TR32261|c2_g1	 NA
TR32261|c2_g2	 NA
TR32262|c1_g1	 PF03160.11,Calx-beta
TR32262|c1_g2	 PF03160.11,Calx-beta;PF03160.11,Calx-beta
TR32262|c2_g2	 NA
TR32262|c3_g4	 PF03351.14,DOMON
TR32262|c3_g7	 PF03351.14,DOMON;PF00084.17,Sushi;PF00084.17,Sushi;PF00084.17,Sushi
TR32263|c3_g1	 NA
TR32264|c0_g1	 NA
TR32264|c0_g2	 NA
TR32264|c1_g1	 NA
TR32266|c5_g2	 NA
TR32266|c6_g1	 PF01048.17,PNP_UDP_1
TR32266|c7_g1	 PF01094.25,ANF_receptor
TR32267|c3_g1	 PF01302.22,CAP_GLY
TR32267|c3_g2	 NA
TR32268|c4_g1	 NA
TR32269|c0_g1	 NA
TR32269|c10_g1	 PF07992.11,Pyr_redox_2;PF13202.3,EF-hand_5;PF13833.3,EF-hand_8
TR32269|c11_g1	 NA
TR32269|c12_g1	 NA
TR32269|c14_g1	 NA
TR32269|c17_g1	 NA
TR32269|c1_g1	 NA
TR32269|c7_g1	 NA
TR32269|c8_g3	 NA
TR32270|c12_g1	 NA
TR32270|c14_g1	 NA
TR32270|c16_g1	 NA
TR32270|c20_g1	 NA
TR32270|c2_g1	 NA
TR32270|c3_g1	 NA
TR32270|c4_g1	 NA
TR32270|c9_g1	 PF08755.8,YccV-like
TR32270|c9_g2	 NA
TR32270|c9_g4	 NA
TR32270|c9_g5	 NA
TR32271|c5_g1	 PF03133.12,TTL;PF00022.16,Actin
TR32271|c6_g1	 NA
TR32271|c8_g1	 NA
TR32272|c0_g1	 PF02913.16,FAD-oxidase_C
TR32272|c0_g2	 PF01565.20,FAD_binding_4;PF02913.16,FAD-oxidase_C
TR32272|c12_g1	 NA
TR32272|c13_g1	 NA
TR32273|c5_g3	 NA
TR32273|c7_g1	 PF00069.22,Pkinase
TR32273|c7_g2	 NA
TR32274|c10_g1	 NA
TR32274|c3_g1	 PF06155.9,DUF971;PF02668.13,TauD
TR32274|c7_g1	 PF00808.20,CBFD_NFYB_HMF
TR32275|c17_g1	 NA
TR32275|c7_g1	 NA
TR32278|c10_g1	 NA
TR32278|c2_g1	 NA
TR32278|c3_g1	 PF00271.28,Helicase_C;PF13959.3,DUF4217
TR32278|c4_g1	 PF00270.26,DEAD;PF00271.28,Helicase_C
TR32279|c11_g1	 PF00654.17,Voltage_CLC
TR32279|c1_g1	 NA
TR32279|c6_g1	 PF02463.16,SMC_N
TR32279|c8_g1	 PF00571.25,CBS
TR32280|c12_g1	 NA
TR32280|c13_g1	 NA
TR32280|c20_g1	 PF02410.12,RsfS
TR32280|c3_g1	 NA
TR32280|c7_g1	 NA
TR32280|c8_g2	 NA
TR32281|c10_g1	 PF00501.25,AMP-binding
TR32281|c5_g1	 NA
TR32281|c6_g1	 PF00501.25,AMP-binding
TR32281|c6_g3	 PF00501.25,AMP-binding
TR32282|c10_g1	 NA
TR32282|c10_g2	 NA
TR32282|c10_g3	 NA
TR32282|c11_g1	 PF01392.19,Fz
TR32282|c13_g1	 NA
TR32282|c15_g1	 NA
TR32282|c1_g1	 NA
TR32282|c4_g1	 NA
TR32282|c4_g2	 NA
TR32282|c7_g1	 PF00078.24,RVT_1
TR32282|c7_g2	 NA
TR32282|c9_g1	 NA
TR32282|c9_g2	 NA
TR32283|c11_g2	 NA
TR32283|c14_g1	 PF00899.18,ThiF
TR32283|c17_g1	 NA
TR32283|c19_g1	 NA
TR32284|c11_g1	 NA
TR32284|c14_g1	 NA
TR32284|c3_g2	 NA
TR32284|c4_g1	 NA
TR32284|c4_g2	 PF15996.2,PNISR;PF15996.2,PNISR
TR32284|c6_g1	 NA
TR32284|c6_g2	 PF09005.7,DUF1897
TR32284|c7_g2	 NA
TR32285|c1_g2	 NA
TR32285|c2_g1	 PF00004.26,AAA;PF01434.15,Peptidase_M41
TR32286|c17_g1	 NA
TR32286|c3_g2	 NA
TR32286|c9_g1	 NA
TR32287|c0_g1	 NA
TR32287|c1_g1	 NA
TR32287|c6_g2	 NA
TR32287|c8_g1	 NA
TR32289|c3_g1	 PF07714.14,Pkinase_Tyr
TR3228|c0_g2	 PF00579.22,tRNA-synt_1b
TR32290|c0_g1	 PF07679.13,I-set;PF13927.3,Ig_3
TR32291|c0_g3	 NA
TR32291|c1_g1	 PF12796.4,Ank_2;PF13920.3,zf-C3HC4_3;PF13920.3,zf-C3HC4_3;PF13920.3,zf-C3HC4_3
TR32291|c1_g2	 NA
TR32291|c1_g3	 PF06701.10,MIB_HERC2
TR32292|c0_g1	 NA
TR32293|c1_g1	 PF00307.28,CH
TR32293|c1_g2	 PF00307.28,CH
TR32293|c1_g3	 PF00307.28,CH
TR32293|c2_g1	 NA
TR32294|c0_g2	 NA
TR32294|c17_g1	 NA
TR32294|c1_g1	 NA
TR32294|c1_g2	 NA
TR32294|c20_g1	 NA
TR32294|c2_g1	 NA
TR32294|c5_g1	 PF10373.6,EST1_DNA_bind;PF13638.3,PIN_4
TR32294|c6_g3	 NA
TR32295|c3_g2	 NA
TR32295|c4_g1	 NA
TR32295|c8_g1	 NA
TR32296|c11_g1	 NA
TR32296|c16_g1	 NA
TR32296|c4_g1	 NA
TR32296|c4_g2	 NA
TR32296|c7_g2	 NA
TR32296|c8_g2	 NA
TR32297|c11_g1	 NA
TR32297|c3_g2	 NA
TR32297|c5_g1	 PF04801.10,Sin_N
TR32297|c6_g1	 NA
TR32297|c9_g1	 NA
TR32298|c0_g1	 NA
TR32298|c1_g2	 NA
TR32298|c2_g1	 NA
TR32299|c3_g2	 NA
TR32299|c4_g1	 PF04989.9,CmcI
TR32299|c6_g1	 NA
TR32299|c8_g1	 NA
TR3229|c0_g2	 NA
TR3229|c0_g4	 NA
TR32300|c0_g1	 PF03810.16,IBN_N;PF08389.9,Xpo1;PF08767.8,CRM1_C
TR32303|c10_g1	 NA
TR32303|c10_g2	 PF08016.9,PKD_channel
TR32303|c13_g1	 NA
TR32303|c14_g1	 NA
TR32303|c6_g1	 NA
TR32303|c8_g1	 NA
TR32303|c8_g2	 NA
TR32303|c9_g1	 NA
TR32304|c3_g1	 NA
TR32305|c0_g2	 NA
TR32305|c4_g1	 NA
TR32305|c8_g1	 NA
TR32306|c15_g1	 NA
TR32307|c2_g1	 NA
TR32308|c3_g1	 NA
TR32308|c5_g2	 PF13927.3,Ig_3
TR32308|c7_g2	 NA
TR32309|c0_g1	 NA
TR32309|c3_g2	 NA
TR32309|c4_g1	 NA
TR32309|c4_g2	 NA
TR3230|c0_g1	 PF10034.6,Dpy19;PF10034.6,Dpy19
TR32310|c0_g1	 NA
TR32311|c1_g1	 PF16746.2,BAR_3;PF01412.15,ArfGap;PF12796.4,Ank_2;PF14604.3,SH3_9
TR32311|c2_g1	 NA
TR32312|c0_g1	 NA
TR32312|c0_g2	 NA
TR32312|c3_g1	 NA
TR32312|c3_g2	 NA
TR32312|c3_g3	 PF00632.22,HECT
TR32312|c3_g5	 NA
TR32312|c3_g6	 NA
TR32313|c12_g1	 NA
TR32313|c12_g3	 NA
TR32313|c5_g1	 NA
TR32313|c5_g2	 NA
TR32314|c0_g1	 NA
TR32314|c0_g2	 NA
TR32314|c3_g1	 NA
TR32314|c7_g1	 NA
TR32315|c13_g1	 NA
TR32315|c13_g2	 NA
TR32315|c14_g1	 NA
TR32315|c15_g1	 NA
TR32315|c15_g2	 NA
TR32315|c24_g1	 NA
TR32315|c3_g1	 PF06984.10,MRP-L47
TR32315|c3_g2	 PF06984.10,MRP-L47
TR32315|c5_g1	 NA
TR32316|c0_g1	 NA
TR32316|c1_g1	 NA
TR32316|c2_g1	 NA
TR32316|c3_g1	 NA
TR32316|c5_g1	 NA
TR32317|c10_g1	 NA
TR32317|c12_g1	 NA
TR32317|c1_g1	 PF13975.3,gag-asp_proteas
TR32317|c2_g1	 NA
TR32317|c3_g1	 NA
TR32317|c4_g1	 NA
TR32318|c13_g1	 NA
TR32318|c4_g1	 NA
TR32318|c6_g1	 PF00240.20,ubiquitin
TR3231|c0_g2	 PF00560.30,LRR_1;PF14580.3,LRR_9;PF00612.24,IQ;PF00612.24,IQ;PF00612.24,IQ
TR3231|c2_g1	 NA
TR32320|c0_g1	 NA
TR32320|c0_g2	 PF08477.10,Roc
TR32320|c11_g1	 NA
TR32320|c13_g1	 NA
TR32320|c20_g1	 NA
TR32320|c4_g1	 NA
TR32320|c6_g1	 NA
TR32320|c6_g3	 PF12796.4,Ank_2;PF12796.4,Ank_2;PF00023.27,Ank;PF08477.10,Roc;PF16095.2,COR
TR32320|c7_g1	 NA
TR32320|c8_g1	 NA
TR32320|c9_g1	 NA
TR32322|c0_g1	 NA
TR32322|c2_g1	 NA
TR32323|c10_g1	 NA
TR32323|c4_g1	 NA
TR32323|c4_g2	 NA
TR32323|c6_g1	 NA
TR32324|c0_g1	 NA
TR32324|c10_g1	 NA
TR32324|c13_g1	 NA
TR32324|c1_g1	 NA
TR32324|c3_g1	 NA
TR32324|c4_g1	 PF12796.4,Ank_2;PF07525.13,SOCS_box
TR32324|c5_g1	 NA
TR32324|c8_g1	 PF04137.12,ERO1
TR32325|c6_g1	 NA
TR32326|c10_g1	 NA
TR32326|c3_g1	 NA
TR32326|c4_g1	 PF13915.3,DUF4210
TR32326|c5_g1	 NA
TR32326|c8_g1	 NA
TR32327|c1_g1	 NA
TR32329|c0_g1	 PF07959.9,Fucokinase
TR32329|c0_g2	 PF08544.10,GHMP_kinases_C
TR32329|c1_g1	 NA
TR32331|c0_g2	 PF05292.8,MCD
TR32332|c0_g1	 PF00004.26,AAA;PF13181.3,TPR_8;PF00515.25,TPR_1;PF13181.3,TPR_8;PF00226.28,DnaJ
TR32343|c0_g1	 NA
TR32343|c0_g2	 NA
TR32343|c0_g3	 NA
TR32345|c0_g1	 NA
TR32346|c0_g2	 PF14437.3,MafB19-deam
TR3234|c0_g1	 NA
TR32351|c0_g1	 NA
TR32359|c0_g1	 NA
TR32359|c0_g2	 NA
TR32360|c1_g1	 NA
TR32374|c0_g1	 NA
TR32374|c1_g1	 PF00619.18,CARD
TR32377|c0_g1	 NA
TR32383|c1_g1	 NA
TR32392|c0_g1	 NA
TR32394|c1_g2	 NA
TR32395|c0_g2	 NA
TR3239|c0_g1	 PF16687.2,ELYS-bb;PF13934.3,ELYS
TR3239|c0_g2	 NA
TR32403|c0_g1	 PF00069.22,Pkinase
TR32404|c4_g1	 NA
TR3240|c0_g1	 NA
TR3240|c0_g2	 NA
TR3242|c0_g1	 PF04457.9,DUF504
TR3243|c0_g1	 PF04757.11,Pex2_Pex12
TR3244|c0_g1	 NA
TR3244|c0_g2	 NA
TR3244|c0_g3	 NA
TR3244|c1_g1	 NA
TR3244|c2_g1	 NA
TR3245|c1_g1	 NA
TR3245|c1_g2	 NA
TR3245|c2_g1	 NA
TR3246|c0_g1	 NA
TR32471|c1_g1	 PF09728.6,Taxilin
TR32471|c2_g2	 PF03909.14,BSD
TR32473|c0_g1	 NA
TR32474|c0_g3	 NA
TR32475|c2_g1	 PF04921.11,XAP5
TR32475|c3_g1	 PF00755.17,Carn_acyltransf;PF00755.17,Carn_acyltransf
TR32475|c5_g1	 PF00755.17,Carn_acyltransf
TR32476|c1_g1	 NA
TR32476|c5_g1	 NA
TR32478|c2_g2	 NA
TR32478|c3_g1	 NA
TR32479|c0_g1	 PF02171.14,Piwi
TR3247|c0_g1	 NA
TR32480|c1_g1	 PF00551.16,Formyl_trans_N;PF02911.15,Formyl_trans_C
TR32481|c0_g1	 NA
TR32482|c0_g1	 NA
TR32482|c2_g1	 NA
TR32482|c2_g3	 NA
TR32482|c4_g1	 NA
TR32483|c0_g1	 PF00400.29,WD40;PF00400.29,WD40;PF00400.29,WD40;PF00400.29,WD40;PF00400.29,WD40;PF00400.29,WD40;PF00400.29,WD40
TR32485|c0_g1	 NA
TR32485|c16_g1	 NA
TR32485|c1_g2	 NA
TR32485|c23_g1	 NA
TR32485|c27_g1	 NA
TR32485|c2_g1	 NA
TR32485|c2_g3	 NA
TR32485|c4_g1	 PF12796.4,Ank_2;PF12796.4,Ank_2;PF13637.3,Ank_4
TR32486|c3_g1	 NA
TR32486|c4_g1	 NA
TR32486|c4_g2	 NA
TR32487|c0_g1	 NA
TR32487|c1_g1	 PF13621.3,Cupin_8
TR32488|c0_g1	 NA
TR32488|c1_g2	 NA
TR32489|c1_g1	 PF01926.20,MMR_HSR1
TR32489|c3_g1	 NA
TR3248|c1_g1	 NA
TR3248|c1_g2	 NA
TR3248|c1_g3	 NA
TR32490|c0_g1	 NA
TR32490|c1_g1	 PF06068.10,TIP49;PF00270.26,DEAD;PF00271.28,Helicase_C
TR32491|c1_g1	 PF00431.17,CUB
TR32491|c2_g1	 NA
TR32492|c0_g2	 NA
TR32494|c0_g1	 PF02020.15,W2
TR32495|c2_g1	 NA
TR32496|c1_g2	 PF00530.15,SRCR
TR32497|c0_g1	 PF00665.23,rve;PF00078.24,RVT_1
TR32498|c10_g1	 NA
TR32498|c12_g1	 PF03987.12,Autophagy_act_C
TR32498|c6_g1	 NA
TR32498|c9_g1	 PF06730.8,FAM92
TR32502|c14_g1	 NA
TR32502|c1_g1	 NA
TR32502|c5_g1	 NA
TR32502|c7_g1	 NA
TR32503|c0_g1	 PF09815.6,XK-related
TR32503|c0_g2	 PF09815.6,XK-related
TR32504|c0_g1	 NA
TR32504|c1_g1	 NA
TR32504|c2_g1	 PF01369.17,Sec7;PF00169.26,PH
TR32505|c0_g1	 NA
TR32506|c19_g1	 NA
TR32506|c31_g1	 NA
TR32507|c0_g1	 PF08583.7,Cmc1
TR32508|c1_g1	 PF00439.22,Bromodomain
TR32509|c0_g1	 PF13637.3,Ank_4;PF12796.4,Ank_2
TR32510|c0_g1	 PF00106.22,adh_short
TR32511|c2_g3	 PF03676.11,UPF0183
TR32512|c0_g1	 PF10517.6,DM13
TR32512|c0_g2	 NA
TR32512|c1_g1	 NA
TR32512|c1_g2	 NA
TR32512|c4_g1	 NA
TR32513|c0_g1	 NA
TR32515|c11_g1	 NA
TR32515|c2_g1	 PF13456.3,RVT_3
TR32515|c2_g3	 NA
TR32515|c5_g1	 NA
TR32515|c8_g1	 NA
TR32516|c0_g1	 NA
TR32516|c2_g1	 NA
TR32517|c10_g1	 NA
TR32517|c11_g1	 NA
TR32517|c1_g1	 PF01593.21,Amino_oxidase
TR32517|c4_g2	 PF01593.21,Amino_oxidase
TR32517|c8_g1	 NA
TR32518|c3_g1	 NA
TR32520|c7_g1	 PF00025.18,Arf
TR32520|c7_g2	 PF00025.18,Arf
TR32520|c8_g1	 NA
TR32520|c8_g2	 NA
TR32521|c10_g1	 NA
TR32521|c12_g3	 NA
TR32521|c14_g1	 NA
TR32521|c14_g2	 NA
TR32521|c15_g1	 PF13086.3,AAA_11;PF13086.3,AAA_11;PF13087.3,AAA_12
TR32521|c25_g1	 NA
TR32521|c30_g1	 NA
TR32521|c3_g1	 NA
TR32522|c10_g1	 NA
TR32522|c12_g1	 PF00069.22,Pkinase
TR32522|c18_g1	 NA
TR32522|c29_g1	 NA
TR32522|c2_g2	 NA
TR32522|c8_g1	 NA
TR32522|c9_g2	 PF01138.18,RNase_PH;PF03725.12,RNase_PH_C
TR32523|c0_g2	 PF06046.10,Sec6
TR32523|c1_g1	 NA
TR32523|c4_g1	 NA
TR32524|c15_g1	 NA
TR32524|c6_g1	 NA
TR32524|c7_g1	 NA
TR32524|c8_g1	 NA
TR32526|c1_g1	 PF00147.15,Fibrinogen_C
TR32526|c1_g3	 PF00147.15,Fibrinogen_C
TR32527|c0_g1	 PF00498.23,FHA
TR32528|c13_g1	 NA
TR32528|c2_g1	 NA
TR32528|c2_g2	 NA
TR32528|c8_g2	 PF00481.18,PP2C;PF00179.23,UQ_con
TR32528|c9_g1	 NA
TR32529|c0_g2	 PF06858.11,NOG1;PF08155.8,NOGCT
TR3252|c0_g1	 PF01363.18,FYVE;PF00610.18,DEP;PF00118.21,Cpn60_TCP1;PF01504.15,PIP5K;PF01145.22,Band_7
TR32531|c0_g1	 NA
TR32531|c11_g1	 NA
TR32531|c14_g1	 NA
TR32531|c1_g1	 NA
TR32531|c3_g1	 NA
TR32531|c4_g1	 NA
TR32531|c6_g1	 NA
TR32531|c6_g2	 PF06220.9,zf-U1
TR32531|c9_g1	 PF05225.13,HTH_psq;PF03184.16,DDE_1
TR32532|c0_g2	 PF09068.8,EF-hand_2;PF09069.8,EF-hand_3;PF00569.14,ZZ
TR32532|c2_g1	 NA
TR32533|c0_g1	 NA
TR32534|c2_g3	 NA
TR32534|c3_g1	 NA
TR32535|c10_g1	 NA
TR32535|c14_g1	 NA
TR32535|c3_g2	 NA
TR32535|c3_g3	 NA
TR32535|c3_g4	 NA
TR32535|c5_g3	 NA
TR32535|c6_g3	 NA
TR32535|c6_g5	 PF00134.20,Cyclin_N
TR32536|c11_g1	 NA
TR32536|c12_g1	 NA
TR32536|c13_g2	 PF00665.23,rve
TR32536|c14_g2	 NA
TR32536|c14_g3	 NA
TR32536|c21_g1	 NA
TR32536|c2_g1	 PF00134.20,Cyclin_N
TR32536|c5_g2	 NA
TR32536|c6_g1	 NA
TR32536|c7_g2	 PF02892.12,zf-BED
TR32536|c9_g1	 NA
TR32537|c0_g3	 NA
TR32538|c3_g1	 PF00787.21,PX;PF09325.7,Vps5
TR32538|c4_g1	 NA
TR32538|c5_g1	 PF01585.20,G-patch;PF13821.3,DUF4187
TR32540|c1_g1	 PF02847.14,MA3;PF02847.14,MA3
TR32540|c1_g3	 NA
TR32541|c1_g1	 NA
TR32542|c0_g2	 NA
TR32542|c2_g1	 NA
TR32542|c3_g2	 PF01406.16,tRNA-synt_1e
TR32544|c1_g1	 NA
TR32545|c1_g1	 NA
TR32545|c2_g1	 NA
TR32547|c0_g1	 NA
TR32547|c3_g1	 NA
TR32547|c6_g2	 PF01344.22,Kelch_1
TR32547|c9_g1	 PF01344.22,Kelch_1
TR32549|c2_g1	 NA
TR32550|c1_g1	 PF01536.13,SAM_decarbox
TR32552|c0_g2	 NA
TR32553|c12_g1	 PF03071.12,GNT-I
TR32553|c12_g2	 PF03071.12,GNT-I
TR32553|c12_g3	 PF03071.12,GNT-I
TR32553|c13_g1	 NA
TR32553|c17_g1	 NA
TR32553|c8_g1	 NA
TR32553|c8_g2	 NA
TR32553|c9_g1	 NA
TR32554|c1_g2	 NA
TR32554|c2_g1	 NA
TR32555|c0_g2	 PF00656.19,Peptidase_C14
TR32556|c0_g1	 NA
TR32556|c2_g1	 NA
TR32556|c2_g2	 NA
TR32556|c2_g3	 NA
TR32557|c0_g1	 PF07714.14,Pkinase_Tyr;PF01112.15,Asparaginase_2;PF00069.22,Pkinase;PF01112.15,Asparaginase_2
TR32559|c15_g1	 NA
TR32559|c18_g1	 NA
TR32559|c2_g1	 NA
TR32559|c9_g2	 NA
TR3255|c0_g2	 PF11882.5,DUF3402
TR32560|c1_g2	 NA
TR32560|c5_g1	 PF00078.24,RVT_1
TR32560|c5_g3	 NA
TR32561|c0_g1	 NA
TR32562|c0_g2	 NA
TR32563|c1_g1	 NA
TR32563|c3_g1	 NA
TR32564|c0_g1	 PF04502.10,DUF572
TR32564|c2_g1	 NA
TR32565|c10_g1	 NA
TR32565|c11_g1	 NA
TR32565|c5_g1	 NA
TR32565|c7_g1	 NA
TR32565|c9_g1	 NA
TR32566|c1_g1	 NA
TR32566|c2_g1	 NA
TR32566|c5_g2	 NA
TR32566|c5_g3	 NA
TR32566|c6_g2	 NA
TR32566|c7_g1	 PF01612.17,DNA_pol_A_exo1
TR32566|c9_g2	 NA
TR32567|c0_g2	 NA
TR32567|c1_g3	 NA
TR32568|c0_g1	 PF04615.10,Utp14
TR32569|c1_g1	 PF00076.19,RRM_1
TR32569|c3_g1	 PF00085.17,Thioredoxin;PF00085.17,Thioredoxin
TR32569|c6_g1	 NA
TR32569|c6_g3	 PF12348.5,CLASP_N
TR32569|c7_g1	 PF09334.8,tRNA-synt_1g;PF08264.10,Anticodon_1
TR3256|c0_g1	 NA
TR32572|c0_g2	 PF13516.3,LRR_6;PF13516.3,LRR_6;PF13516.3,LRR_6
TR32573|c1_g1	 PF00646.30,F-box;PF09346.7,SMI1_KNR4;PF04379.11,DUF525
TR32574|c0_g2	 PF05699.11,Dimer_Tnp_hAT
TR32574|c1_g1	 NA
TR32575|c0_g1	 PF00018.25,SH3_1
TR32577|c0_g1	 NA
TR3257|c0_g1	 NA
TR3257|c0_g2	 PF01150.14,GDA1_CD39
TR32580|c1_g1	 NA
TR32582|c0_g1	 PF00406.19,ADK;PF05191.11,ADK_lid
TR32582|c1_g1	 NA
TR32584|c1_g1	 NA
TR32587|c0_g1	 NA
TR32587|c1_g1	 NA
TR32588|c0_g1	 PF01833.21,TIG;PF01833.21,TIG;PF01833.21,TIG;PF01833.21,TIG;PF01833.21,TIG;PF01833.21,TIG;PF01833.21,TIG;PF01833.21,TIG;PF01833.21,TIG;PF10162.6,G8;PF10162.6,G8;PF13229.3,Beta_helix
TR32589|c1_g1	 PF06916.10,DUF1279
TR3258|c0_g1	 NA
TR3258|c3_g1	 NA
TR32590|c1_g2	 PF00503.17,G-alpha
TR32590|c2_g1	 NA
TR32591|c0_g1	 PF08799.8,PRP4;PF02840.12,Prp18
TR32592|c0_g1	 PF00085.17,Thioredoxin;PF13848.3,Thioredoxin_6
TR32595|c0_g1	 PF00054.20,Laminin_G_1
TR32595|c0_g2	 PF00054.20,Laminin_G_1
TR32596|c0_g1	 NA
TR32598|c0_g1	 PF05649.10,Peptidase_M13_N
TR32599|c0_g1	 PF00173.25,Cyt-b5
TR3259|c0_g1	 NA
TR32603|c0_g1	 NA
TR32603|c0_g2	 PF00013.26,KH_1
TR32604|c0_g2	 NA
TR32605|c0_g1	 NA
TR32606|c0_g2	 PF13238.3,AAA_18
TR32608|c0_g1	 NA
TR32609|c1_g1	 NA
TR3260|c0_g1	 NA
TR3260|c1_g1	 PF00635.23,Motile_Sperm
TR3260|c2_g1	 NA
TR32611|c0_g1	 PF00665.23,rve;PF07727.11,RVT_2
TR32616|c0_g1	 NA
TR32617|c1_g1	 NA
TR32619|c0_g1	 PF00085.17,Thioredoxin
TR3261|c0_g2	 NA
TR32622|c0_g1	 PF14555.3,UBA_4
TR32623|c0_g1	 NA
TR32623|c0_g2	 NA
TR32627|c1_g1	 PF00665.23,rve
TR3262|c1_g1	 PF00514.20,Arm
TR32630|c1_g1	 NA
TR32635|c0_g1	 NA
TR32635|c1_g1	 NA
TR32636|c0_g1	 NA
TR32637|c0_g1	 PF00791.17,ZU5;PF00531.19,Death
TR32638|c0_g1	 PF00784.14,MyTH4;PF00620.24,RhoGAP
TR32640|c0_g1	 NA
TR32642|c0_g1	 NA
TR32647|c0_g1	 PF00035.23,dsrm;PF01381.19,HTH_3
TR32648|c0_g1	 PF04104.11,DNA_primase_lrg;PF11952.5,XTBD;PF00035.23,dsrm;PF12656.4,G-patch_2;PF01424.19,R3H;PF04104.11,DNA_primase_lrg
TR32651|c0_g1	 PF00025.18,Arf;PF00025.18,Arf
TR32653|c1_g1	 PF14580.3,LRR_9
TR32654|c1_g1	 NA
TR32656|c0_g1	 PF13279.3,4HBT_2
TR32656|c0_g2	 PF13279.3,4HBT_2
TR32657|c0_g1	 PF02115.14,Rho_GDI
TR32658|c2_g1	 NA
TR3265|c10_g1	 NA
TR3265|c3_g1	 NA
TR3265|c4_g1	 NA
TR3265|c5_g1	 NA
TR3265|c6_g1	 NA
TR3265|c7_g1	 NA
TR32660|c0_g1	 NA
TR32661|c0_g1	 PF00004.26,AAA
TR32661|c2_g1	 PF01434.15,Peptidase_M41
TR32665|c0_g2	 PF01425.18,Amidase
TR32668|c0_g2	 NA
TR32684|c0_g1	 PF02271.13,UCR_14kD
TR32685|c0_g1	 PF05729.9,NACHT;PF00400.29,WD40;PF00400.29,WD40
TR32685|c0_g2	 PF05729.9,NACHT;PF00400.29,WD40;PF00400.29,WD40
TR3268|c0_g1	 NA
TR32690|c0_g1	 PF03234.11,CDC37_N;PF08565.8,CDC37_M;PF08564.7,CDC37_C
TR32690|c0_g2	 PF03234.11,CDC37_N
TR32694|c0_g1	 NA
TR32710|c1_g1	 PF00092.25,VWA
TR32716|c0_g1	 NA
TR32718|c1_g1	 NA
TR32719|c0_g1	 NA
TR3272|c0_g1	 PF07779.9,Cas1_AcylT;PF07779.9,Cas1_AcylT
TR32730|c1_g1	 NA
TR3273|c0_g2	 PF01061.21,ABC2_membrane
TR32749|c0_g2	 NA
TR3274|c0_g1	 PF03137.17,OATP
TR32755|c0_g2	 PF08610.7,Pex16
TR32759|c0_g1	 NA
TR3276|c0_g1	 NA
TR3276|c3_g1	 NA
TR3276|c4_g1	 PF00637.17,Clathrin;PF10367.6,Vps39_2
TR3276|c4_g2	 PF05131.11,Pep3_Vps18
TR3276|c4_g3	 PF00637.17,Clathrin;PF10367.6,Vps39_2
TR3276|c7_g1	 NA
TR32772|c2_g1	 NA
TR32785|c0_g1	 NA
TR3278|c0_g1	 NA
TR32797|c0_g1	 NA
TR3279|c0_g1	 PF02798.17,GST_N;PF13410.3,GST_C_2
TR3280|c1_g1	 NA
TR3280|c1_g2	 PF01073.16,3Beta_HSD
TR32811|c0_g2	 NA
TR32817|c0_g1	 NA
TR3281|c0_g2	 NA
TR3281|c3_g1	 NA
TR32825|c0_g1	 NA
TR3282|c1_g1	 PF02338.16,OTU;PF01771.14,Herpes_alk_exo
TR3285|c0_g1	 PF00227.23,Proteasome
TR3285|c2_g1	 NA
TR32874|c0_g1	 NA
TR32880|c0_g1	 NA
TR32887|c0_g1	 NA
TR3288|c1_g1	 NA
TR32890|c0_g1	 NA
TR32896|c1_g1	 NA
TR3289|c0_g1	 NA
TR3289|c1_g1	 PF00076.19,RRM_1;PF00076.19,RRM_1;PF00076.19,RRM_1;PF01661.18,Macro;PF02825.17,WWE;PF02825.17,WWE;PF00644.17,PARP
TR32901|c0_g1	 NA
TR3290|c0_g2	 NA
TR3290|c2_g1	 PF05076.10,SUFU;PF12470.5,SUFU_C
TR3290|c3_g1	 PF00389.27,2-Hacid_dh;PF02826.16,2-Hacid_dh_C
TR32914|c1_g1	 PF13516.3,LRR_6;PF13516.3,LRR_6;PF13516.3,LRR_6
TR32919|c0_g1	 PF13927.3,Ig_3
TR32922|c0_g1	 PF13499.3,EF-hand_7;PF13499.3,EF-hand_7
TR32935|c0_g1	 NA
TR32937|c0_g1	 NA
TR32937|c2_g1	 NA
TR32939|c0_g1	 PF00335.17,Tetraspannin
TR32939|c0_g2	 PF00335.17,Tetraspannin
TR32947|c1_g1	 PF01747.14,ATP-sulfurylase
TR32950|c0_g1	 PF05729.9,NACHT
TR32951|c0_g1	 NA
TR32953|c0_g2	 NA
TR32953|c1_g1	 NA
TR32956|c1_g1	 NA
TR3295|c0_g1	 NA
TR32963|c0_g1	 NA
TR32972|c0_g1	 NA
TR32975|c0_g1	 NA
TR32988|c0_g1	 NA
TR3298|c0_g1	 NA
TR32992|c0_g1	 PF02747.12,PCNA_C
TR32992|c0_g2	 PF02747.12,PCNA_C
TR33000|c0_g1	 NA
TR33000|c1_g1	 NA
TR33011|c0_g1	 PF00531.19,Death
TR33011|c0_g2	 PF00531.19,Death
TR33014|c0_g2	 NA
TR33019|c1_g1	 NA
TR33028|c0_g1	 PF00134.20,Cyclin_N;PF02984.16,Cyclin_C
TR33033|c1_g1	 NA
TR33037|c0_g1	 NA
TR33040|c0_g1	 PF13445.3,zf-RING_UBOX;PF00643.21,zf-B_box;PF00630.16,Filamin;PF01436.18,NHL;PF01436.18,NHL
TR33042|c0_g1	 NA
TR33043|c1_g1	 PF00012.17,HSP70
TR33093|c0_g1	 NA
TR33095|c0_g1	 NA
TR33096|c0_g1	 NA
TR33111|c0_g1	 NA
TR33115|c0_g1	 NA
TR33121|c0_g1	 PF06369.9,Anemone_cytotox
TR33125|c0_g1	 NA
TR33147|c0_g1	 PF01833.21,TIG
TR3315|c0_g1	 NA
TR3315|c0_g2	 NA
TR33163|c0_g1	 PF00078.24,RVT_1
TR33163|c1_g1	 NA
TR33175|c0_g1	 NA
TR33179|c0_g1	 NA
TR33182|c0_g1	 PF13516.3,LRR_6;PF13516.3,LRR_6
TR33184|c0_g1	 NA
TR33193|c0_g1	 PF14555.3,UBA_4;PF08059.10,SEP;PF00789.17,UBX
TR33199|c0_g1	 PF00687.18,Ribosomal_L1
TR33199|c0_g2	 PF00687.18,Ribosomal_L1
TR33199|c0_g3	 PF00687.18,Ribosomal_L1
TR33204|c0_g1	 PF09730.6,BicD
TR33205|c1_g1	 NA
TR33239|c0_g1	 NA
TR33242|c0_g1	 NA
TR33243|c0_g1	 NA
TR3324|c0_g1	 NA
TR33254|c0_g1	 NA
TR33261|c0_g1	 NA
TR33268|c0_g1	 NA
TR33280|c0_g1	 NA
TR33287|c0_g1	 NA
TR33291|c0_g2	 PF00412.19,LIM;PF00412.19,LIM;PF07714.14,Pkinase_Tyr;PF07714.14,Pkinase_Tyr
TR33292|c0_g1	 NA
TR33294|c0_g1	 PF00076.19,RRM_1
TR33298|c0_g1	 PF03184.16,DDE_1
TR33299|c0_g2	 PF02184.13,HAT;PF02184.13,HAT
TR33302|c0_g1	 PF02197.14,RIIa;PF00027.26,cNMP_binding
TR33302|c1_g1	 NA
TR33306|c0_g1	 PF00400.29,WD40;PF00400.29,WD40;PF00400.29,WD40;PF00400.29,WD40;PF00400.29,WD40
TR33307|c1_g1	 NA
TR33309|c0_g1	 PF01532.17,Glyco_hydro_47;PF01532.17,Glyco_hydro_47
TR33310|c0_g1	 PF00076.19,RRM_1;PF02825.17,WWE;PF00644.17,PARP
TR33311|c1_g1	 PF07092.9,DUF1356
TR33314|c0_g1	 NA
TR33316|c1_g1	 NA
TR33318|c0_g1	 NA
TR33321|c0_g1	 NA
TR33321|c1_g1	 NA
TR33322|c0_g1	 PF10232.6,Med8
TR33323|c0_g1	 PF13499.3,EF-hand_7;PF13499.3,EF-hand_7
TR33323|c0_g2	 NA
TR33323|c1_g1	 NA
TR33325|c0_g1	 PF00622.25,SPRY;PF00622.25,SPRY
TR33326|c0_g1	 NA
TR33330|c0_g1	 PF00274.16,Glycolytic
TR33331|c1_g2	 NA
TR33335|c1_g1	 PF00226.28,DnaJ
TR33335|c1_g2	 PF00226.28,DnaJ
TR33337|c0_g1	 NA
TR3333|c0_g1	 NA
TR33340|c0_g1	 PF16205.2,Ribosomal_S17_N;PF00366.17,Ribosomal_S17
TR33343|c0_g2	 NA
TR33351|c0_g1	 NA
TR33352|c0_g1	 PF05699.11,Dimer_Tnp_hAT
TR33354|c0_g1	 PF00071.19,Ras
TR3335|c0_g1	 NA
TR33360|c1_g1	 NA
TR33360|c4_g1	 NA
TR33361|c0_g1	 NA
TR33362|c0_g1	 NA
TR33363|c0_g1	 PF00179.23,UQ_con
TR33363|c0_g2	 PF00179.23,UQ_con
TR33364|c0_g1	 PF07716.12,bZIP_2
TR33366|c0_g1	 PF04864.10,Alliinase_C
TR33367|c0_g2	 PF14291.3,DUF4371;PF05699.11,Dimer_Tnp_hAT
TR33368|c1_g1	 PF00162.16,PGK
TR33368|c1_g2	 PF00162.16,PGK
TR33376|c0_g1	 PF02312.14,CBF_beta
TR33377|c0_g1	 NA
TR33377|c0_g3	 NA
TR33379|c0_g1	 NA
TR33380|c0_g1	 NA
TR33380|c1_g1	 NA
TR33421|c0_g1	 NA
TR33459|c0_g1	 NA
TR33472|c0_g1	 NA
TR33479|c1_g1	 NA
TR33492|c0_g1	 NA
TR33492|c0_g2	 NA
TR33497|c1_g1	 NA
TR33501|c0_g1	 NA
TR33505|c0_g1	 NA
TR33509|c0_g1	 PF02401.15,LYTB
TR33514|c0_g1	 NA
TR33514|c0_g2	 NA
TR33515|c0_g1	 PF02799.12,NMT_C
TR33515|c0_g2	 PF00531.19,Death;PF02799.12,NMT_C
TR33516|c0_g1	 NA
TR33519|c3_g1	 NA
TR33526|c0_g1	 NA
TR33526|c1_g1	 NA
TR33530|c0_g1	 NA
TR33530|c1_g1	 NA
TR33531|c0_g1	 PF04960.12,Glutaminase;PF13923.3,zf-C3HC4_2;PF02176.15,zf-TRAF;PF02176.15,zf-TRAF
TR33533|c0_g1	 NA
TR33534|c0_g1	 PF02926.14,THUMP
TR33537|c3_g1	 NA
TR33538|c0_g1	 NA
TR33542|c0_g1	 PF01771.14,Herpes_alk_exo
TR33548|c0_g1	 NA
TR33549|c0_g1	 PF13361.3,UvrD_C
TR33549|c1_g1	 NA
TR33554|c0_g2	 NA
TR33556|c0_g1	 PF02874.20,ATP-synt_ab_N;PF00006.22,ATP-synt_ab
TR33570|c0_g1	 NA
TR33570|c1_g1	 NA
TR33574|c0_g2	 PF01842.22,ACT;PF00351.18,Biopterin_H
TR33574|c1_g1	 NA
TR33575|c0_g2	 NA
TR33577|c0_g1	 NA
TR33577|c1_g1	 NA
TR33579|c1_g1	 NA
TR33579|c1_g2	 NA
TR33581|c0_g1	 PF14050.3,Nudc_N;PF04969.13,CS
TR33588|c0_g1	 PF15964.2,CCCAP
TR33591|c0_g1	 NA
TR33593|c0_g1	 NA
TR33593|c0_g2	 PF00789.17,UBX
TR33595|c0_g2	 PF00735.15,Septin
TR33596|c0_g1	 NA
TR33612|c0_g1	 NA
TR33613|c0_g2	 NA
TR33617|c0_g1	 NA
TR33618|c0_g2	 PF00632.22,HECT
TR33618|c1_g1	 NA
TR3361|c0_g1	 PF00313.19,CSD
TR33623|c0_g1	 NA
TR33628|c0_g1	 NA
TR33629|c2_g1	 NA
TR33635|c0_g1	 NA
TR33648|c0_g1	 PF01392.19,Fz;PF01392.19,Fz;PF01392.19,Fz
TR33653|c0_g1	 NA
TR33669|c0_g1	 NA
TR33677|c0_g1	 NA
TR33685|c1_g1	 NA
TR33691|c0_g1	 PF02469.19,Fasciclin
TR33692|c0_g1	 NA
TR33698|c0_g1	 NA
TR33700|c0_g1	 PF00046.26,Homeobox
TR33700|c1_g1	 NA
TR33707|c0_g1	 PF06991.8,MFAP1
TR33718|c0_g1	 NA
TR33722|c0_g1	 NA
TR33728|c0_g1	 NA
TR33731|c0_g1	 NA
TR33740|c0_g1	 NA
TR33747|c0_g1	 PF08213.8,DUF1713
TR33756|c0_g1	 PF12171.5,zf-C2H2_jaz
TR33764|c0_g1	 NA
TR33779|c0_g1	 NA
TR33789|c0_g1	 NA
TR33799|c0_g1	 NA
TR3380|c0_g1	 PF00811.15,Ependymin
TR3380|c0_g2	 NA
TR33815|c0_g1	 NA
TR33816|c0_g1	 NA
TR33824|c0_g1	 NA
TR33829|c0_g1	 PF11841.5,DUF3361;PF04727.10,ELMO_CED12;PF16457.2,PH_12
TR33855|c0_g1	 NA
TR33865|c0_g1	 NA
TR33875|c0_g1	 NA
TR33887|c0_g1	 NA
TR33892|c0_g1	 NA
TR33919|c0_g1	 NA
TR33959|c0_g1	 NA
TR33964|c0_g1	 NA
TR34003|c0_g1	 NA
TR34014|c0_g1	 NA
TR34018|c1_g1	 NA
TR34036|c0_g1	 NA
TR34038|c0_g3	 PF01602.17,Adaptin_N
TR34039|c0_g1	 PF00069.22,Pkinase
TR34039|c3_g1	 NA
TR34040|c1_g2	 PF13426.4,PAS_9;PF14598.3,PAS_11
TR34041|c15_g1	 PF00572.15,Ribosomal_L13
TR34041|c2_g2	 NA
TR34041|c2_g3	 NA
TR34041|c4_g1	 NA
TR34042|c2_g1	 NA
TR34042|c6_g1	 NA
TR34043|c0_g1	 NA
TR34043|c1_g1	 NA
TR34043|c1_g3	 PF00704.25,Glyco_hydro_18
TR34044|c7_g1	 PF08246.9,Inhibitor_I29;PF00112.20,Peptidase_C1
TR34045|c2_g1	 NA
TR34045|c2_g2	 PF00104.27,Hormone_recep
TR34045|c3_g1	 NA
TR34046|c1_g2	 NA
TR34046|c5_g1	 NA
TR34046|c8_g2	 PF00443.26,UCH;PF00443.26,UCH
TR34046|c9_g1	 NA
TR34047|c0_g1	 NA
TR34047|c1_g2	 NA
TR34048|c0_g3	 PF02992.11,Transposase_21
TR34048|c2_g1	 PF10537.6,WAC_Acf1_DNA_bd;PF02791.14,DDT;PF15613.3,WSD
TR34048|c3_g1	 PF00078.24,RVT_1
TR34048|c3_g2	 PF09337.7,zf-H2C2;PF00665.23,rve
TR34048|c4_g1	 PF00628.26,PHD
TR34049|c1_g1	 NA
TR34049|c5_g1	 PF00270.26,DEAD;PF00271.28,Helicase_C
TR34050|c1_g1	 PF00595.21,PDZ;PF07653.14,SH3_2;PF00625.18,Guanylate_kin
TR34050|c1_g2	 NA
TR34052|c8_g1	 NA
TR34053|c1_g1	 PF03719.12,Ribosomal_S5_C;PF00333.17,Ribosomal_S5
TR34054|c10_g1	 NA
TR34054|c10_g2	 PF04818.10,CTD_bind
TR34054|c11_g1	 NA
TR34054|c15_g1	 NA
TR34054|c16_g1	 NA
TR34054|c1_g2	 NA
TR34054|c3_g2	 NA
TR34054|c4_g1	 NA
TR34054|c5_g1	 NA
TR34054|c6_g1	 NA
TR34055|c0_g1	 PF05721.10,PhyH
TR34056|c2_g3	 NA
TR34056|c3_g1	 PF05193.18,Peptidase_M16_C
TR34056|c4_g1	 PF02492.16,cobW;PF07683.11,CobW_C;PF02492.16,cobW
TR34056|c4_g2	 PF07683.11,CobW_C
TR34056|c5_g1	 NA
TR34056|c6_g1	 NA
TR34058|c0_g1	 NA
TR34058|c1_g3	 NA
TR34060|c0_g1	 NA
TR34060|c0_g2	 PF16978.2,CRIM;PF16979.2,SIN1_PH
TR34061|c1_g3	 NA
TR34062|c1_g1	 NA
TR34063|c3_g1	 PF00817.17,IMS;PF11799.5,IMS_C
TR34063|c4_g1	 NA
TR34064|c0_g1	 PF03372.20,Exo_endo_phos
TR34065|c0_g1	 PF00294.21,PfkB;PF04227.9,Indigoidine_A
TR34066|c12_g2	 PF00069.22,Pkinase
TR34066|c1_g1	 NA
TR34066|c3_g2	 NA
TR34066|c5_g1	 NA
TR34066|c5_g2	 PF04424.10,DUF544
TR34068|c1_g1	 NA
TR34068|c2_g1	 PF02771.13,Acyl-CoA_dh_N;PF02770.16,Acyl-CoA_dh_M;PF00441.21,Acyl-CoA_dh_1
TR34068|c3_g1	 NA
TR34070|c1_g2	 PF00069.22,Pkinase
TR34071|c0_g1	 NA
TR34071|c10_g1	 PF00270.26,DEAD
TR34071|c10_g2	 PF00271.28,Helicase_C
TR34071|c13_g1	 NA
TR34071|c6_g1	 NA
TR34074|c0_g1	 PF00551.16,Formyl_trans_N;PF02911.15,Formyl_trans_C;PF00550.22,PP-binding;PF00171.19,Aldedh
TR34075|c0_g1	 NA
TR34076|c0_g1	 NA
TR34076|c16_g1	 NA
TR34076|c3_g2	 NA
TR34076|c8_g1	 NA
TR34076|c9_g1	 NA
TR34077|c1_g2	 NA
TR34077|c2_g1	 NA
TR34077|c4_g2	 PF01263.17,Aldose_epim
TR34078|c1_g1	 PF04677.12,CwfJ_C_1;PF04676.11,CwfJ_C_2
TR34079|c0_g1	 NA
TR34079|c1_g1	 NA
TR34079|c1_g2	 NA
TR34080|c1_g1	 PF00169.26,PH;PF00610.18,DEP;PF00169.26,PH
TR34082|c0_g1	 PF10166.6,DUF2368
TR34083|c1_g1	 NA
TR34085|c3_g1	 NA
TR34086|c0_g1	 PF01399.24,PCI
TR34087|c0_g1	 PF01565.20,FAD_binding_4;PF04030.11,ALO
TR34088|c11_g1	 PF00041.18,fn3;PF13927.3,Ig_3
TR34088|c12_g1	 PF13516.3,LRR_6
TR34088|c13_g1	 NA
TR34088|c18_g1	 NA
TR34088|c19_g1	 NA
TR34088|c1_g1	 NA
TR34088|c21_g1	 NA
TR34088|c26_g1	 NA
TR34088|c3_g1	 PF16489.2,GAIN;PF00002.21,7tm_2
TR34088|c4_g2	 NA
TR34088|c5_g2	 NA
TR34088|c5_g3	 NA
TR34088|c7_g1	 PF05729.9,NACHT
TR34090|c1_g1	 PF00400.29,WD40;PF00400.29,WD40;PF03920.12,TLE_N
TR34092|c0_g1	 PF00690.23,Cation_ATPase_N;PF00122.17,E1-E2_ATPase;PF13246.3,Cation_ATPase
TR34092|c0_g2	 PF00689.18,Cation_ATPase_C
TR34093|c0_g1	 NA
TR34095|c0_g1	 NA
TR34095|c1_g1	 NA
TR34095|c3_g3	 PF13637.3,Ank_4
TR34096|c0_g1	 NA
TR34097|c0_g1	 NA
TR34098|c0_g1	 NA
TR34098|c2_g1	 NA
TR34099|c10_g1	 NA
TR34099|c15_g2	 NA
TR34099|c15_g3	 NA
TR34099|c16_g1	 NA
TR34099|c5_g1	 NA
TR34099|c5_g2	 NA
TR34099|c8_g1	 NA
TR34099|c9_g1	 NA
TR34100|c1_g2	 NA
TR34101|c0_g1	 PF00149.25,Metallophos
TR34101|c1_g2	 PF08916.8,Phe_ZIP
TR34103|c1_g1	 NA
TR34104|c1_g1	 PF08240.9,ADH_N;PF00107.23,ADH_zinc_N
TR34105|c11_g1	 NA
TR34105|c1_g3	 NA
TR34105|c2_g1	 PF05478.8,Prominin
TR34105|c3_g1	 PF05478.8,Prominin;PF00644.17,PARP
TR34105|c5_g1	 PF05478.8,Prominin
TR34106|c0_g1	 PF00637.17,Clathrin;PF10367.6,Vps39_2
TR34106|c0_g4	 NA
TR34107|c0_g1	 PF00041.18,fn3;PF00041.18,fn3
TR34108|c0_g1	 PF00017.21,SH2;PF00620.24,RhoGAP
TR34108|c1_g1	 NA
TR34108|c2_g1	 NA
TR34109|c0_g1	 PF16213.2,DCB;PF12783.4,Sec7_N;PF01369.17,Sec7;PF09324.7,DUF1981
TR34110|c0_g1	 PF03483.14,B3_4;PF03484.12,B5
TR34110|c0_g2	 NA
TR34111|c0_g2	 NA
TR34111|c3_g1	 NA
TR34111|c4_g1	 NA
TR34112|c2_g1	 NA
TR34112|c3_g1	 NA
TR34112|c5_g2	 PF08357.8,SEFIR
TR34112|c7_g1	 NA
TR34112|c7_g2	 NA
TR34113|c1_g1	 NA
TR34113|c5_g1	 PF08423.8,Rad51;PF08423.8,Rad51
TR34117|c1_g1	 NA
TR34117|c1_g3	 NA
TR34118|c0_g1	 PF00270.26,DEAD
TR34119|c0_g1	 NA
TR34119|c0_g2	 NA
TR34119|c1_g1	 PF08208.8,RNA_polI_A34
TR34120|c0_g1	 NA
TR34120|c11_g1	 NA
TR34120|c3_g1	 NA
TR34120|c4_g1	 NA
TR34120|c5_g1	 NA
TR34120|c6_g1	 PF05225.13,HTH_psq;PF03221.13,HTH_Tnp_Tc5;PF03184.16,DDE_1
TR34121|c1_g1	 PF01336.22,tRNA_anti-codon;PF00152.17,tRNA-synt_2
TR34123|c0_g1	 NA
TR34125|c0_g1	 PF03522.12,SLC12;PF00324.18,AA_permease;PF03522.12,SLC12
TR34125|c1_g1	 NA
TR34126|c0_g1	 NA
TR34126|c0_g2	 NA
TR34126|c2_g1	 NA
TR34126|c3_g1	 PF05485.9,THAP;PF13613.3,HTH_Tnp_4;PF13359.3,DDE_Tnp_4
TR34128|c0_g1	 PF05383.14,La
TR34129|c0_g1	 PF01746.18,tRNA_m1G_MT
TR34130|c6_g1	 NA
TR34132|c0_g2	 PF05817.11,Ribophorin_II
TR34133|c1_g1	 NA
TR34134|c0_g1	 PF00501.25,AMP-binding;PF13193.3,AMP-binding_C;PF00501.25,AMP-binding
TR34135|c5_g1	 NA
TR34135|c6_g1	 NA
TR34137|c2_g1	 NA
TR34174|c0_g1	 NA
TR3420|c1_g1	 NA
TR34255|c0_g1	 NA
TR34258|c1_g1	 NA
TR34279|c0_g1	 PF13516.3,LRR_6;PF13516.3,LRR_6;PF13516.3,LRR_6;PF13516.3,LRR_6
TR34281|c0_g1	 NA
TR34282|c0_g1	 PF00092.25,VWA
TR34287|c0_g1	 NA
TR34288|c1_g1	 PF05724.8,TPMT
TR34288|c1_g2	 NA
TR34292|c0_g1	 NA
TR34297|c0_g2	 NA
TR34297|c4_g1	 NA
TR34298|c1_g1	 NA
TR34298|c2_g1	 NA
TR34303|c1_g1	 NA
TR34307|c0_g2	 NA
TR34312|c0_g1	 PF05477.8,SURF2
TR34315|c0_g1	 PF03131.14,bZIP_Maf
TR34317|c2_g1	 NA
TR34318|c0_g1	 NA
TR34320|c1_g2	 NA
TR34327|c0_g1	 NA
TR34335|c0_g1	 PF00452.16,Bcl-2
TR34338|c0_g1	 PF02274.14,Amidinotransf
TR34338|c0_g2	 NA
TR34339|c0_g1	 PF12894.4,ANAPC4_WD40;PF00400.29,WD40
TR34342|c0_g2	 PF02114.13,Phosducin
TR34344|c1_g1	 NA
TR34345|c1_g1	 NA
TR34348|c0_g1	 NA
TR34349|c0_g1	 NA
TR34349|c0_g2	 PF01392.19,Fz
TR34360|c1_g1	 NA
TR34371|c0_g1	 NA
TR34373|c0_g1	 PF09350.7,DUF1992
TR34373|c0_g2	 PF00226.28,DnaJ;PF09350.7,DUF1992
TR34380|c0_g1	 PF03517.10,Voldacs
TR34396|c0_g2	 NA
TR34456|c0_g1	 NA
TR34476|c0_g1	 NA
TR34505|c0_g1	 NA
TR3451|c0_g1	 NA
TR34527|c0_g1	 NA
TR34532|c0_g1	 NA
TR34541|c0_g1	 NA
TR34548|c0_g1	 NA
TR34554|c0_g1	 PF07714.14,Pkinase_Tyr
TR3465|c0_g1	 PF00069.22,Pkinase;PF10409.6,PTEN_C2
TR3465|c0_g2	 PF00069.22,Pkinase;PF10409.6,PTEN_C2
TR34677|c0_g1	 NA
TR34711|c0_g1	 NA
TR34717|c0_g1	 PF01771.14,Herpes_alk_exo;PF09588.7,YqaJ
TR34720|c0_g1	 NA
TR34721|c2_g1	 NA
TR34727|c1_g1	 NA
TR34733|c0_g1	 NA
TR34749|c3_g2	 NA
TR34749|c4_g1	 PF00884.20,Sulfatase
TR34749|c5_g1	 NA
TR34750|c2_g1	 NA
TR34750|c4_g1	 NA
TR34751|c15_g1	 NA
TR34751|c1_g1	 NA
TR34751|c6_g1	 PF00830.16,Ribosomal_L28
TR34751|c7_g1	 NA
TR34751|c8_g1	 NA
TR34751|c8_g2	 NA
TR34752|c3_g1	 NA
TR34752|c5_g2	 NA
TR34752|c5_g3	 PF12166.5,Piezo_RRas_bdg
TR34752|c6_g1	 PF00008.24,EGF;PF00008.24,EGF;PF00008.24,EGF;PF07645.12,EGF_CA
TR34752|c6_g2	 PF00008.24,EGF;PF12661.4,hEGF;PF00008.24,EGF;PF12661.4,hEGF;PF00008.24,EGF
TR34753|c0_g1	 PF01120.14,Alpha_L_fucos
TR34754|c2_g2	 NA
TR34754|c4_g1	 NA
TR34754|c4_g2	 NA
TR34754|c5_g1	 NA
TR34754|c6_g1	 NA
TR34754|c7_g1	 NA
TR34754|c9_g1	 PF10486.6,PI3K_1B_p101
TR34755|c12_g1	 NA
TR34755|c14_g1	 NA
TR34755|c15_g1	 NA
TR34755|c1_g1	 NA
TR34755|c20_g1	 NA
TR34755|c29_g1	 NA
TR34755|c2_g2	 NA
TR34755|c7_g1	 NA
TR34755|c7_g4	 NA
TR34756|c12_g1	 NA
TR34756|c16_g1	 NA
TR34756|c17_g1	 NA
TR34756|c2_g1	 NA
TR34756|c4_g1	 PF02969.14,TAF;PF07571.10,TAF6_C
TR34756|c6_g2	 NA
TR34757|c2_g1	 NA
TR34757|c3_g1	 PF12796.4,Ank_2;PF12796.4,Ank_2
TR34757|c3_g2	 PF12796.4,Ank_2;PF13857.3,Ank_5
TR34757|c5_g1	 NA
TR34757|c6_g1	 NA
TR34758|c0_g1	 NA
TR34758|c1_g1	 NA
TR34758|c1_g2	 NA
TR34759|c11_g2	 NA
TR34759|c11_g3	 NA
TR34759|c11_g4	 NA
TR34760|c1_g1	 NA
TR34760|c1_g2	 NA
TR34762|c11_g1	 NA
TR34762|c12_g2	 NA
TR34762|c16_g1	 NA
TR34762|c8_g1	 NA
TR34762|c9_g1	 NA
TR34763|c0_g2	 NA
TR34763|c5_g2	 NA
TR34763|c6_g1	 NA
TR34763|c7_g1	 NA
TR34763|c9_g1	 NA
TR34764|c0_g1	 NA
TR34764|c3_g1	 NA
TR34765|c0_g2	 NA
TR34765|c10_g2	 NA
TR34765|c11_g1	 NA
TR34765|c12_g1	 NA
TR34765|c14_g1	 NA
TR34765|c18_g1	 NA
TR34765|c4_g1	 NA
TR34765|c5_g1	 NA
TR34765|c6_g1	 NA
TR34766|c1_g2	 PF00443.26,UCH
TR34766|c2_g1	 NA
TR34766|c2_g2	 PF00443.26,UCH
TR34766|c7_g1	 NA
TR34767|c0_g1	 NA
TR34768|c1_g1	 NA
TR34768|c21_g1	 NA
TR34768|c6_g1	 PF00226.28,DnaJ
TR34769|c0_g1	 PF12799.4,LRR_4
TR34769|c0_g2	 PF12799.4,LRR_4
TR34769|c11_g2	 PF00743.16,FMO-like;PF00743.16,FMO-like
TR34769|c11_g5	 NA
TR34769|c14_g1	 NA
TR34769|c16_g1	 NA
TR34769|c20_g1	 NA
TR34769|c24_g1	 NA
TR34770|c1_g2	 PF00685.24,Sulfotransfer_1
TR34770|c3_g1	 NA
TR34770|c5_g1	 NA
TR34771|c1_g1	 NA
TR34771|c1_g4	 NA
TR34772|c4_g1	 PF00209.15,SNF
TR34773|c1_g1	 PF00788.20,RA;PF00063.18,Myosin_head;PF00063.18,Myosin_head;PF00612.24,IQ;PF00612.24,IQ;PF00612.24,IQ;PF00620.24,RhoGAP
TR34774|c2_g1	 NA
TR34774|c3_g1	 PF02008.17,zf-CXXC;PF00628.26,PHD;PF13771.3,zf-HC5HC2H;PF05965.11,FYRC;PF00856.25,SET
TR34774|c3_g2	 PF02008.17,zf-CXXC;PF00628.26,PHD;PF13771.3,zf-HC5HC2H;PF05965.11,FYRC;PF00856.25,SET
TR34774|c5_g1	 NA
TR34774|c8_g1	 PF02990.13,EMP70;PF02990.13,EMP70
TR34774|c9_g1	 NA
TR34775|c2_g1	 NA
TR34775|c4_g2	 NA
TR34775|c6_g1	 PF15115.3,HDNR
TR34775|c8_g1	 NA
TR34776|c0_g1	 PF03184.16,DDE_1
TR34776|c0_g2	 PF03184.16,DDE_1
TR34776|c5_g2	 NA
TR34776|c6_g1	 NA
TR34777|c12_g1	 NA
TR34777|c3_g1	 NA
TR34777|c7_g1	 PF02434.13,Fringe
TR34777|c7_g2	 PF02434.13,Fringe
TR34778|c1_g1	 NA
TR34778|c2_g2	 NA
TR34778|c3_g2	 PF00069.22,Pkinase
TR34778|c4_g1	 PF13385.3,Laminin_G_3;PF07648.12,Kazal_2;PF00069.22,Pkinase
TR34779|c13_g1	 NA
TR34779|c4_g1	 NA
TR34780|c0_g1	 PF05649.10,Peptidase_M13_N;PF01431.18,Peptidase_M13
TR34781|c0_g1	 NA
TR34781|c17_g1	 NA
TR34781|c20_g1	 NA
TR34781|c7_g1	 NA
TR34782|c1_g1	 PF00476.17,DNA_pol_A
TR34783|c0_g1	 NA
TR34783|c0_g3	 PF00588.16,SpoU_methylase
TR34784|c1_g1	 NA
TR34784|c2_g1	 NA
TR34784|c2_g2	 NA
TR34784|c3_g1	 PF13360.3,PQQ_2
TR34784|c4_g1	 NA
TR34786|c0_g1	 NA
TR34786|c0_g3	 NA
TR34786|c1_g1	 NA
TR34787|c3_g1	 NA
TR34788|c0_g1	 NA
TR34788|c0_g2	 NA
TR34788|c10_g1	 NA
TR34788|c1_g1	 NA
TR34788|c5_g1	 NA
TR34788|c5_g3	 NA
TR34788|c5_g4	 NA
TR34788|c7_g1	 NA
TR34789|c1_g1	 NA
TR34790|c1_g1	 PF09588.7,YqaJ
TR34790|c5_g1	 NA
TR34790|c5_g2	 NA
TR34791|c1_g1	 PF00566.15,RabGAP-TBC;PF00566.15,RabGAP-TBC
TR34791|c1_g2	 PF00400.29,WD40;PF00400.29,WD40;PF00400.29,WD40
TR34792|c3_g1	 NA
TR34792|c3_g2	 NA
TR34792|c3_g3	 PF00078.24,RVT_1;PF00665.23,rve
TR34792|c7_g1	 NA
TR34793|c0_g1	 NA
TR34793|c3_g2	 NA
TR34793|c8_g1	 NA
TR34794|c0_g3	 NA
TR34794|c0_g5	 PF03104.16,DNA_pol_B_exo1
TR34795|c10_g2	 NA
TR34795|c10_g3	 PF00888.19,Cullin
TR34795|c10_g4	 PF00888.19,Cullin
TR34795|c12_g1	 NA
TR34795|c15_g1	 NA
TR34795|c16_g1	 NA
TR34795|c20_g1	 NA
TR34795|c4_g2	 NA
TR34795|c7_g1	 NA
TR34795|c9_g2	 PF00888.19,Cullin;PF10557.6,Cullin_Nedd8
TR34796|c11_g1	 NA
TR34796|c12_g1	 NA
TR34796|c3_g1	 PF16014.2,SAP130_C
TR34798|c1_g1	 PF00069.22,Pkinase;PF00017.21,SH2;PF00017.21,SH2;PF07714.14,Pkinase_Tyr
TR34799|c0_g2	 PF13695.3,zf-3CxxC
TR34799|c14_g1	 PF05729.9,NACHT
TR34799|c3_g1	 PF05729.9,NACHT
TR34799|c4_g3	 NA
TR34799|c4_g5	 NA
TR34799|c6_g1	 NA
TR34799|c8_g1	 NA
TR34800|c10_g1	 NA
TR34800|c11_g1	 NA
TR34800|c7_g1	 PF05918.8,API5
TR34801|c1_g2	 PF01302.22,CAP_GLY;PF01302.22,CAP_GLY
TR34801|c1_g3	 PF16641.2,CLIP1_ZNF;PF16641.2,CLIP1_ZNF
TR34801|c1_g4	 NA
TR34802|c10_g1	 NA
TR34802|c11_g1	 NA
TR34802|c3_g1	 NA
TR34802|c3_g2	 NA
TR34802|c6_g2	 NA
TR34802|c6_g3	 NA
TR34802|c7_g1	 PF02014.13,Reeler
TR34802|c8_g1	 PF02014.13,Reeler
TR34803|c1_g1	 NA
TR34803|c2_g1	 NA
TR34803|c3_g2	 NA
TR34804|c1_g1	 NA
TR34805|c0_g1	 NA
TR34805|c2_g1	 PF00560.30,LRR_1;PF13855.3,LRR_8;PF12799.4,LRR_4;PF08477.10,Roc;PF16095.2,COR
TR34805|c3_g1	 PF08477.10,Roc;PF16095.2,COR;PF07714.14,Pkinase_Tyr
TR34805|c3_g3	 PF07714.14,Pkinase_Tyr
TR34806|c2_g4	 PF00179.23,UQ_con
TR34806|c8_g1	 NA
TR34807|c0_g1	 PF00047.22,ig;PF13927.3,Ig_3
TR34807|c2_g3	 NA
TR34807|c2_g5	 PF13927.3,Ig_3
TR34808|c0_g2	 NA
TR34808|c10_g1	 NA
TR34808|c5_g1	 NA
TR34808|c5_g2	 PF00531.19,Death
TR34808|c6_g1	 NA
TR34808|c6_g4	 NA
TR34810|c0_g1	 NA
TR34810|c1_g1	 PF03747.11,ADP_ribosyl_GH
TR34810|c2_g1	 NA
TR34811|c3_g1	 PF03160.11,Calx-beta;PF07714.14,Pkinase_Tyr
TR34811|c3_g3	 PF07714.14,Pkinase_Tyr
TR34811|c4_g1	 NA
TR34812|c1_g1	 NA
TR34812|c2_g1	 NA
TR34812|c4_g1	 PF00069.22,Pkinase
TR34813|c11_g1	 NA
TR34813|c13_g4	 NA
TR34813|c16_g1	 NA
TR34813|c28_g1	 NA
TR34813|c6_g1	 NA
TR34814|c10_g1	 NA
TR34814|c1_g1	 NA
TR34814|c2_g1	 NA
TR34814|c8_g1	 NA
TR34815|c1_g1	 PF07714.14,Pkinase_Tyr
TR34815|c1_g4	 NA
TR34815|c1_g5	 PF07714.14,Pkinase_Tyr
TR34819|c11_g2	 PF00248.18,Aldo_ket_red
TR34819|c12_g1	 PF01392.19,Fz
TR34819|c7_g1	 NA
TR34819|c7_g2	 NA
TR34819|c9_g1	 NA
TR34819|c9_g2	 NA
TR34820|c0_g1	 NA
TR34820|c11_g1	 NA
TR34820|c12_g2	 NA
TR34820|c14_g1	 NA
TR34820|c5_g1	 NA
TR34820|c6_g1	 NA
TR34820|c8_g1	 NA
TR34820|c9_g1	 NA
TR34821|c3_g1	 PF01565.20,FAD_binding_4
TR34821|c4_g1	 PF01284.20,MARVEL
TR34821|c5_g1	 PF04030.11,ALO
TR34822|c0_g1	 NA
TR34822|c0_g2	 PF09379.7,FERM_N;PF00373.15,FERM_M;PF09380.7,FERM_C;PF11819.5,DUF3338
TR34822|c0_g3	 NA
TR34824|c11_g1	 NA
TR34824|c2_g2	 PF04433.14,SWIRM;PF01593.21,Amino_oxidase
TR34825|c10_g1	 NA
TR34825|c1_g3	 NA
TR34825|c5_g1	 NA
TR34825|c8_g1	 NA
TR34826|c2_g1	 NA
TR34827|c0_g2	 NA
TR34827|c1_g1	 NA
TR34827|c2_g1	 NA
TR34828|c0_g1	 NA
TR34828|c1_g1	 NA
TR34828|c3_g1	 NA
TR34828|c3_g2	 NA
TR34828|c3_g3	 NA
TR34828|c4_g1	 NA
TR34830|c0_g1	 NA
TR34830|c1_g1	 NA
TR34830|c1_g2	 PF02732.12,ERCC4
TR34830|c4_g1	 NA
TR34831|c1_g1	 NA
TR34831|c3_g1	 PF01344.22,Kelch_1
TR34831|c5_g1	 PF01694.19,Rhomboid
TR34831|c8_g1	 PF00078.24,RVT_1;PF00665.23,rve;PF13650.3,Asp_protease_2
TR34831|c8_g3	 NA
TR34831|c8_g4	 PF00078.24,RVT_1
TR34831|c9_g1	 NA
TR34832|c1_g1	 NA
TR34833|c4_g2	 NA
TR34833|c6_g1	 NA
TR34833|c6_g3	 NA
TR34834|c0_g1	 PF12473.5,DUF3694;PF00169.26,PH
TR34834|c0_g3	 PF00225.20,Kinesin
TR34834|c0_g4	 PF00225.20,Kinesin;PF16183.2,Kinesin_assoc;PF16183.2,Kinesin_assoc
TR34834|c0_g5	 PF16183.2,Kinesin_assoc;PF00498.23,FHA;PF12423.5,KIF1B
TR34835|c3_g1	 NA
TR34835|c5_g3	 PF00005.24,ABC_tran;PF12848.4,ABC_tran_Xtn;PF00005.24,ABC_tran
TR34835|c7_g1	 NA
TR34836|c0_g1	 NA
TR34836|c2_g1	 NA
TR34836|c2_g2	 NA
TR34836|c4_g1	 NA
TR34836|c4_g2	 NA
TR34836|c5_g2	 PF10433.6,MMS1_N
TR34836|c5_g3	 PF03178.12,CPSF_A
TR34836|c7_g1	 NA
TR34837|c0_g1	 PF03564.12,DUF1759;PF00665.23,rve
TR34837|c0_g2	 NA
TR34837|c1_g2	 PF00080.17,Sod_Cu
TR34839|c10_g1	 NA
TR34839|c12_g1	 NA
TR34839|c13_g1	 NA
TR34839|c14_g1	 NA
TR34839|c7_g1	 PF00069.22,Pkinase
TR34840|c11_g1	 PF00630.16,Filamin;PF00630.16,Filamin;PF00630.16,Filamin;PF00630.16,Filamin;PF00630.16,Filamin;PF00630.16,Filamin
TR34840|c3_g1	 PF00630.16,Filamin
TR34840|c4_g1	 PF00630.16,Filamin;PF00630.16,Filamin;PF00630.16,Filamin
TR34840|c5_g1	 PF01048.17,PNP_UDP_1;PF00531.19,Death
TR34840|c5_g2	 PF00630.16,Filamin;PF00630.16,Filamin;PF00630.16,Filamin;PF00630.16,Filamin;PF00630.16,Filamin;PF00630.16,Filamin;PF00630.16,Filamin
TR34840|c8_g1	 PF00630.16,Filamin;PF00630.16,Filamin;PF00630.16,Filamin;PF00630.16,Filamin;PF00630.16,Filamin
TR34840|c9_g1	 PF00630.16,Filamin
TR34841|c0_g1	 NA
TR34841|c0_g2	 NA
TR34841|c13_g1	 NA
TR34841|c3_g2	 PF05997.9,Nop52
TR34841|c4_g1	 PF05208.10,ALG3
TR34841|c4_g2	 NA
TR34841|c5_g1	 NA
TR34841|c6_g1	 NA
TR34841|c9_g1	 NA
TR34842|c0_g2	 NA
TR34842|c10_g1	 NA
TR34842|c13_g1	 NA
TR34842|c15_g1	 NA
TR34842|c1_g1	 NA
TR34842|c3_g1	 NA
TR34842|c3_g2	 NA
TR34842|c4_g1	 NA
TR34842|c4_g2	 NA
TR34842|c5_g2	 PF03810.16,IBN_N
TR34842|c6_g1	 NA
TR34842|c6_g2	 NA
TR34842|c7_g1	 PF02854.16,MIF4G
TR34842|c7_g3	 PF01602.17,Adaptin_N;PF14796.3,AP3B1_C
TR34842|c8_g1	 NA
TR34842|c9_g1	 NA
TR34843|c1_g1	 NA
TR34843|c1_g2	 PF10495.6,PACT_coil_coil
TR34844|c0_g1	 NA
TR34844|c2_g1	 NA
TR34845|c2_g1	 NA
TR34845|c3_g2	 NA
TR34845|c5_g2	 NA
TR34845|c6_g1	 NA
TR34845|c8_g1	 PF04124.9,Dor1
TR34846|c1_g1	 NA
TR34846|c1_g2	 PF00069.22,Pkinase
TR34846|c1_g3	 NA
TR34846|c2_g1	 NA
TR34846|c2_g2	 NA
TR34846|c2_g4	 PF16529.2,Ge1_WD40
TR34847|c2_g1	 PF04882.9,Peroxin-3;PF04882.9,Peroxin-3
TR34847|c2_g2	 PF04882.9,Peroxin-3
TR34847|c4_g1	 NA
TR34847|c6_g1	 NA
TR34847|c7_g1	 NA
TR34847|c7_g2	 NA
TR34847|c7_g5	 NA
TR34847|c7_g6	 NA
TR34848|c10_g1	 NA
TR34848|c10_g2	 NA
TR34848|c11_g1	 PF08774.8,VRR_NUC
TR34848|c11_g2	 NA
TR34848|c11_g3	 NA
TR34848|c1_g1	 PF00650.17,CRAL_TRIO
TR34848|c1_g2	 PF00650.17,CRAL_TRIO
TR34848|c4_g1	 NA
TR34848|c8_g1	 NA
TR34889|c0_g1	 NA
TR34892|c0_g1	 NA
TR34893|c0_g1	 NA
TR34893|c0_g2	 NA
TR34907|c0_g1	 PF03807.14,F420_oxidored;PF14748.3,P5CR_dimer
TR34912|c1_g1	 NA
TR34920|c3_g1	 PF00628.26,PHD
TR34920|c5_g1	 NA
TR34950|c0_g2	 NA
TR34953|c0_g2	 NA
TR34955|c0_g1	 PF00017.21,SH2
TR34955|c0_g2	 PF00017.21,SH2
TR34957|c0_g1	 NA
TR34957|c0_g2	 NA
TR34963|c0_g1	 PF02749.13,QRPTase_N;PF01729.16,QRPTase_C
TR34973|c0_g1	 NA
TR34984|c0_g1	 NA
TR34992|c0_g1	 PF12796.4,Ank_2;PF04564.12,U-box;PF12796.4,Ank_2;PF12796.4,Ank_2;PF12796.4,Ank_2
TR34995|c0_g1	 PF00504.18,Chloroa_b-bind
TR35021|c0_g1	 PF02996.14,Prefoldin
TR35036|c0_g1	 NA
TR35052|c0_g1	 PF00069.22,Pkinase
TR35054|c0_g1	 NA
TR3505|c0_g1	 NA
TR35076|c0_g1	 NA
TR35090|c0_g1	 NA
TR3509|c1_g1	 NA
TR35104|c0_g1	 NA
TR35109|c0_g1	 PF00231.16,ATP-synt
TR35116|c1_g1	 PF00685.24,Sulfotransfer_1
TR35118|c1_g1	 NA
TR35125|c0_g1	 PF03946.11,Ribosomal_L11_N;PF00298.16,Ribosomal_L11
TR35130|c0_g1	 NA
TR35132|c0_g1	 NA
TR35151|c0_g1	 NA
TR35156|c1_g1	 NA
TR35166|c0_g1	 PF00012.17,HSP70
TR35215|c0_g1	 NA
TR35218|c7_g1	 NA
TR35222|c0_g1	 NA
TR35231|c0_g1	 PF00137.18,ATP-synt_C;PF00137.18,ATP-synt_C
TR35232|c0_g1	 PF09588.7,YqaJ
TR35240|c0_g1	 PF02629.16,CoA_binding;PF00549.16,Ligase_CoA
TR35241|c0_g2	 NA
TR35247|c0_g1	 NA
TR35247|c0_g2	 PF00400.29,WD40;PF00400.29,WD40;PF00400.29,WD40;PF00400.29,WD40;PF00400.29,WD40
TR35256|c1_g1	 PF13609.3,Porin_4
TR35258|c0_g1	 NA
TR3525|c0_g1	 PF05729.9,NACHT
TR35260|c0_g1	 NA
TR35262|c3_g1	 NA
TR35263|c0_g1	 NA
TR35274|c0_g2	 NA
TR35274|c1_g2	 NA
TR35285|c0_g1	 PF00069.22,Pkinase
TR3529|c0_g1	 NA
TR3529|c1_g1	 NA
TR35322|c0_g1	 NA
TR35351|c0_g1	 NA
TR35368|c0_g1	 NA
TR35376|c1_g1	 NA
TR35389|c0_g1	 NA
TR35406|c0_g1	 NA
TR35418|c0_g1	 NA
TR3542|c0_g2	 NA
TR35441|c0_g1	 NA
TR35464|c0_g1	 NA
TR3546|c1_g1	 NA
TR35470|c0_g1	 NA
TR3549|c1_g1	 NA
TR35500|c0_g2	 NA
TR35501|c0_g1	 NA
TR35503|c1_g2	 PF00017.21,SH2;PF00017.21,SH2
TR35504|c0_g1	 NA
TR35508|c0_g1	 NA
TR3550|c0_g2	 NA
TR35510|c0_g2	 NA
TR35510|c1_g1	 PF00069.22,Pkinase
TR35512|c0_g1	 NA
TR35512|c1_g1	 NA
TR35525|c0_g1	 PF03932.11,CutC
TR35526|c0_g1	 PF00665.23,rve
TR35527|c0_g1	 NA
TR35533|c1_g1	 PF00071.19,Ras
TR35533|c2_g1	 NA
TR35538|c0_g1	 NA
TR35538|c1_g2	 NA
TR35539|c0_g1	 NA
TR35544|c0_g2	 NA
TR35546|c1_g1	 NA
TR35548|c1_g1	 NA
TR35549|c0_g1	 PF00010.23,HLH;PF00989.22,PAS;PF08447.9,PAS_3
TR35551|c0_g1	 PF00169.26,PH;PF00022.16,Actin
TR35551|c1_g1	 NA
TR35552|c0_g1	 PF00493.20,MCM
TR35553|c0_g1	 NA
TR35554|c1_g1	 NA
TR35557|c0_g1	 PF10256.6,Erf4
TR35559|c5_g1	 NA
TR35562|c0_g1	 NA
TR35563|c2_g1	 NA
TR35565|c0_g1	 PF00025.18,Arf
TR35567|c0_g1	 PF02518.23,HATPase_c;PF00204.22,DNA_gyraseB;PF01751.19,Toprim;PF16898.2,TOPRIM_C;PF00521.17,DNA_topoisoIV
TR35567|c1_g1	 PF00923.16,Transaldolase
TR35572|c1_g1	 PF13516.3,LRR_6
TR35574|c0_g1	 PF00069.22,Pkinase
TR35575|c0_g1	 NA
TR35577|c0_g1	 PF00505.16,HMG_box;PF09011.7,HMG_box_2
TR35579|c0_g1	 NA
TR35581|c1_g1	 NA
TR35583|c0_g1	 PF00628.26,PHD;PF01753.15,zf-MYND
TR35589|c1_g1	 PF13516.3,LRR_6
TR35591|c1_g1	 NA
TR35601|c0_g1	 NA
TR35603|c1_g1	 NA
TR35626|c0_g1	 NA
TR35637|c0_g1	 PF00789.17,UBX
TR35642|c1_g1	 PF03184.16,DDE_1
TR35650|c0_g1	 NA
TR35669|c0_g1	 NA
TR3566|c0_g2	 PF05057.11,DUF676
TR35676|c0_g2	 NA
TR3568|c0_g1	 NA
TR35696|c2_g1	 NA
TR35702|c0_g1	 PF01529.17,zf-DHHC
TR35704|c0_g1	 NA
TR35720|c1_g1	 NA
TR35721|c0_g1	 PF13516.3,LRR_6;PF13516.3,LRR_6;PF13516.3,LRR_6;PF13516.3,LRR_6;PF13516.3,LRR_6;PF13516.3,LRR_6;PF13516.3,LRR_6
TR35721|c1_g1	 PF13516.3,LRR_6;PF13516.3,LRR_6;PF13516.3,LRR_6
TR35729|c0_g1	 NA
TR3577|c0_g2	 NA
TR35791|c0_g1	 NA
TR35824|c0_g1	 NA
TR35828|c0_g1	 NA
TR35831|c0_g1	 NA
TR35835|c0_g1	 NA
TR35853|c0_g1	 NA
TR35861|c0_g1	 NA
TR35863|c1_g1	 NA
TR35864|c0_g1	 NA
TR35869|c0_g1	 NA
TR35870|c0_g1	 NA
TR35875|c0_g1	 NA
TR35891|c0_g1	 PF00504.18,Chloroa_b-bind
TR35896|c0_g1	 NA
TR35896|c0_g2	 NA
TR35900|c0_g1	 NA
TR35905|c1_g1	 NA
TR35917|c0_g1	 NA
TR35918|c0_g1	 NA
TR35934|c1_g1	 PF02460.15,Patched
TR35934|c2_g1	 NA
TR35941|c0_g1	 NA
TR35953|c0_g1	 PF00531.19,Death;PF16095.2,COR
TR35977|c0_g1	 NA
TR35977|c1_g1	 NA
TR35979|c0_g1	 NA
TR35982|c0_g1	 NA
TR359|c0_g1	 NA
TR35|c0_g1	 PF00108.20,Thiolase_N;PF02803.15,Thiolase_C
TR36005|c0_g1	 PF13450.3,NAD_binding_8
TR36009|c0_g1	 NA
TR36015|c0_g1	 NA
TR36018|c0_g1	 NA
TR36048|c0_g1	 NA
TR36087|c0_g1	 NA
TR36094|c0_g1	 NA
TR36138|c1_g1	 PF00627.28,UBA
TR3613|c0_g1	 NA
TR3613|c2_g1	 NA
TR3613|c3_g1	 NA
TR36140|c1_g1	 NA
TR36140|c2_g1	 NA
TR36140|c2_g3	 NA
TR36142|c0_g1	 NA
TR36142|c0_g3	 NA
TR36142|c3_g1	 PF02176.15,zf-TRAF
TR36146|c0_g1	 PF00852.16,Glyco_transf_10
TR36147|c0_g1	 NA
TR36148|c1_g1	 PF00004.26,AAA
TR36148|c1_g2	 NA
TR36149|c1_g1	 NA
TR36150|c0_g1	 NA
TR36150|c0_g2	 NA
TR36150|c1_g1	 PF01026.18,TatD_DNase
TR36150|c1_g2	 PF00076.19,RRM_1;PF01026.18,TatD_DNase
TR36151|c10_g1	 NA
TR36151|c11_g1	 PF12796.4,Ank_2;PF13637.3,Ank_4
TR36151|c15_g1	 NA
TR36151|c2_g2	 NA
TR36151|c5_g1	 NA
TR36151|c9_g2	 NA
TR36152|c0_g2	 PF13927.3,Ig_3
TR36154|c1_g2	 NA
TR36154|c1_g3	 PF01771.14,Herpes_alk_exo
TR36154|c1_g4	 PF09588.7,YqaJ
TR36155|c11_g2	 PF08515.9,TGF_beta_GS;PF07714.14,Pkinase_Tyr
TR36155|c13_g1	 PF01398.18,JAB;PF13012.3,MitMem_reg
TR36155|c2_g1	 NA
TR36155|c3_g1	 NA
TR36155|c5_g1	 NA
TR36155|c9_g1	 NA
TR36155|c9_g2	 PF00071.19,Ras
TR36156|c3_g1	 PF02221.12,E1_DerP2_DerF2
TR36156|c4_g2	 NA
TR36157|c1_g2	 NA
TR36157|c4_g1	 PF00271.28,Helicase_C;PF13959.3,DUF4217;PF00270.26,DEAD
TR36157|c5_g2	 PF00685.24,Sulfotransfer_1
TR36157|c5_g4	 NA
TR36158|c0_g1	 PF14634.3,zf-RING_5;PF02176.15,zf-TRAF;PF02176.15,zf-TRAF
TR36160|c0_g1	 NA
TR36160|c1_g2	 NA
TR36160|c3_g2	 NA
TR36160|c6_g1	 NA
TR36160|c7_g1	 NA
TR36160|c8_g2	 NA
TR36160|c9_g1	 PF14291.3,DUF4371;PF05699.11,Dimer_Tnp_hAT
TR36160|c9_g2	 NA
TR36161|c17_g1	 NA
TR36161|c20_g1	 NA
TR36161|c3_g1	 NA
TR36161|c4_g1	 NA
TR36161|c4_g2	 NA
TR36162|c0_g1	 PF04506.10,Rft-1;PF04506.10,Rft-1
TR36163|c2_g1	 PF00282.16,Pyridoxal_deC
TR36163|c2_g2	 PF00282.16,Pyridoxal_deC
TR36165|c1_g1	 PF00002.21,7tm_2
TR36165|c2_g1	 PF02176.15,zf-TRAF
TR36167|c0_g1	 NA
TR36168|c0_g1	 NA
TR36169|c0_g1	 NA
TR36169|c1_g2	 NA
TR36169|c4_g1	 NA
TR36170|c0_g1	 PF00069.22,Pkinase
TR36171|c0_g1	 NA
TR36171|c2_g1	 PF00400.29,WD40;PF00400.29,WD40;PF00400.29,WD40;PF00400.29,WD40;PF00400.29,WD40
TR36171|c3_g1	 NA
TR36173|c0_g1	 NA
TR36173|c0_g2	 PF03638.12,TCR;PF03638.12,TCR
TR36174|c0_g1	 NA
TR36175|c0_g1	 NA
TR36175|c1_g2	 PF07992.11,Pyr_redox_2
TR36175|c1_g3	 NA
TR36176|c1_g1	 NA
TR36176|c2_g1	 PF04088.10,Peroxin-13_N;PF14604.3,SH3_9
TR36178|c0_g2	 NA
TR36178|c1_g2	 PF00788.20,RA;PF00788.20,RA;PF00498.23,FHA;PF01843.16,DIL;PF00595.21,PDZ
TR3617|c0_g1	 NA
TR36181|c0_g1	 PF00233.16,PDEase_I
TR36182|c10_g1	 NA
TR36182|c10_g3	 NA
TR36182|c11_g7	 NA
TR36182|c20_g1	 NA
TR36182|c24_g1	 NA
TR36182|c8_g1	 PF00614.19,PLDc;PF13918.3,PLDc_3
TR36183|c2_g1	 PF13920.3,zf-C3HC4_3
TR36183|c4_g1	 PF00202.18,Aminotran_3
TR36183|c4_g2	 PF00202.18,Aminotran_3
TR36184|c0_g1	 NA
TR36187|c0_g1	 PF00076.19,RRM_1;PF00076.19,RRM_1
TR36188|c4_g1	 NA
TR36188|c4_g2	 NA
TR36188|c5_g2	 NA
TR36188|c5_g4	 NA
TR36190|c3_g1	 NA
TR36190|c4_g1	 NA
TR36192|c0_g2	 PF01423.19,LSM;PF03781.13,FGE-sulfatase
TR36193|c0_g1	 PF00130.19,C1_1;PF00781.21,DAGK_cat;PF00609.16,DAGK_acc
TR36194|c2_g1	 PF02373.19,JmjC
TR36196|c1_g2	 NA
TR36199|c10_g1	 NA
TR36199|c1_g1	 NA
TR36199|c3_g1	 NA
TR36199|c4_g1	 NA
TR36199|c6_g1	 PF07159.9,DUF1394
TR36199|c7_g1	 NA
TR36199|c8_g1	 NA
TR36199|c9_g1	 PF01302.22,CAP_GLY
TR36200|c0_g2	 NA
TR36200|c0_g3	 NA
TR36201|c0_g1	 PF00400.29,WD40
TR36203|c2_g2	 NA
TR36203|c3_g1	 PF00595.21,PDZ;PF00595.21,PDZ;PF00018.25,SH3_1;PF00625.18,Guanylate_kin;PF00307.28,CH
TR36203|c6_g1	 NA
TR36204|c2_g1	 NA
TR36206|c0_g1	 PF02205.17,WH2;PF13606.3,Ank_3;PF00651.28,BTB
TR36210|c0_g1	 PF13365.3,Trypsin_2
TR36211|c18_g1	 PF00022.16,Actin
TR36213|c4_g1	 NA
TR36213|c4_g2	 NA
TR36214|c1_g1	 NA
TR36215|c3_g1	 NA
TR36215|c4_g1	 NA
TR36216|c1_g1	 NA
TR36217|c0_g1	 PF06297.11,PET;PF00412.19,LIM;PF00412.19,LIM;PF00412.19,LIM
TR36218|c0_g1	 PF03952.13,Enolase_N;PF00113.19,Enolase_C
TR36220|c0_g1	 NA
TR36221|c2_g1	 NA
TR36221|c3_g2	 PF01399.24,PCI
TR36221|c4_g1	 NA
TR36221|c4_g3	 NA
TR36221|c7_g1	 NA
TR36222|c10_g1	 PF00225.20,Kinesin;PF00651.28,BTB;PF07707.12,BACK
TR36222|c15_g1	 NA
TR36222|c16_g1	 NA
TR36222|c21_g1	 NA
TR36222|c26_g1	 PF00396.15,Granulin;PF00396.15,Granulin
TR36222|c28_g1	 NA
TR36222|c2_g1	 NA
TR36222|c6_g2	 NA
TR36222|c6_g4	 NA
TR36223|c0_g1	 PF00117.25,GATase
TR36224|c1_g2	 PF00400.29,WD40
TR36224|c2_g1	 NA
TR36225|c1_g1	 PF03567.11,Sulfotransfer_2
TR36225|c2_g1	 NA
TR36225|c3_g2	 PF01237.15,Oxysterol_BP
TR36225|c5_g1	 PF00567.21,TUDOR
TR36225|c7_g1	 NA
TR36227|c0_g1	 NA
TR36227|c2_g1	 NA
TR36227|c6_g1	 NA
TR36228|c0_g1	 NA
TR36228|c0_g2	 NA
TR36228|c0_g3	 NA
TR36228|c1_g1	 NA
TR36228|c2_g1	 PF00144.21,Beta-lactamase
TR36228|c2_g3	 NA
TR36229|c0_g1	 PF00069.22,Pkinase;PF13964.3,Kelch_6
TR36230|c0_g1	 PF08441.9,Integrin_alpha2
TR36230|c0_g2	 PF08441.9,Integrin_alpha2
TR36230|c0_g3	 PF01839.20,FG-GAP
TR36231|c0_g1	 NA
TR36231|c1_g2	 NA
TR36234|c0_g2	 NA
TR36235|c0_g2	 PF07156.11,Prenylcys_lyase
TR36236|c0_g2	 PF01055.23,Glyco_hydro_31
TR36237|c0_g2	 NA
TR36237|c1_g1	 NA
TR36237|c1_g2	 PF03098.12,An_peroxidase;PF03160.11,Calx-beta
TR36237|c2_g1	 PF03098.12,An_peroxidase
TR36237|c2_g3	 NA
TR36239|c1_g1	 NA
TR36247|c0_g1	 NA
TR36253|c0_g1	 NA
TR3626|c0_g2	 PF16367.2,RRM_7;PF16366.2,CEBP_ZZ
TR362|c0_g1	 NA
TR36310|c0_g1	 NA
TR36321|c0_g1	 NA
TR36328|c0_g1	 NA
TR36334|c0_g1	 NA
TR36337|c11_g1	 NA
TR36337|c14_g1	 NA
TR36337|c2_g2	 NA
TR36337|c8_g1	 NA
TR36338|c3_g1	 NA
TR36338|c4_g1	 NA
TR36338|c5_g2	 NA
TR36338|c6_g3	 NA
TR36338|c9_g1	 NA
TR36339|c3_g1	 PF12796.4,Ank_2;PF12796.4,Ank_2
TR36340|c0_g1	 NA
TR36340|c2_g1	 NA
TR36340|c3_g2	 PF02204.15,VPS9
TR36340|c3_g4	 PF02493.17,MORN;PF02493.17,MORN;PF02493.17,MORN
TR36341|c0_g1	 NA
TR36341|c1_g1	 NA
TR36341|c3_g1	 NA
TR36341|c3_g2	 NA
TR36341|c5_g1	 NA
TR36341|c7_g1	 NA
TR36341|c8_g1	 NA
TR36341|c9_g1	 NA
TR36342|c0_g1	 NA
TR36342|c2_g1	 PF01433.17,Peptidase_M1
TR36342|c4_g1	 NA
TR36343|c2_g2	 NA
TR36343|c4_g2	 NA
TR36343|c5_g2	 NA
TR36343|c5_g4	 PF05729.9,NACHT
TR36343|c6_g1	 NA
TR36345|c10_g1	 PF01237.15,Oxysterol_BP
TR36345|c10_g2	 PF00169.26,PH;PF01237.15,Oxysterol_BP
TR36345|c11_g1	 NA
TR36345|c11_g2	 NA
TR36345|c1_g1	 NA
TR36345|c4_g1	 NA
TR36345|c9_g2	 NA
TR36346|c11_g1	 NA
TR36346|c11_g2	 NA
TR36346|c12_g1	 NA
TR36346|c4_g1	 PF01833.21,TIG
TR36346|c6_g1	 NA
TR36346|c7_g1	 NA
TR36346|c8_g1	 NA
TR36347|c1_g3	 NA
TR36349|c0_g1	 PF00530.15,SRCR;PF00530.15,SRCR;PF00530.15,SRCR
TR36349|c0_g2	 PF00530.15,SRCR;PF00530.15,SRCR;PF00530.15,SRCR
TR36349|c2_g1	 PF00530.15,SRCR
TR36349|c4_g1	 NA
TR36349|c5_g3	 PF00530.15,SRCR
TR36349|c7_g1	 PF00530.15,SRCR
TR36350|c3_g1	 NA
TR36350|c6_g1	 NA
TR36350|c7_g1	 PF00084.17,Sushi;PF00053.21,Laminin_EGF
TR36351|c0_g2	 NA
TR36351|c1_g1	 PF14916.3,CCDC92;PF14917.3,CCDC74_C
TR36351|c2_g1	 PF15718.2,DUF4673
TR36351|c2_g3	 PF11789.5,zf-Nse
TR36351|c3_g1	 NA
TR36352|c15_g1	 NA
TR36352|c19_g1	 NA
TR36352|c1_g1	 NA
TR36352|c1_g2	 NA
TR36352|c20_g1	 NA
TR36352|c22_g1	 NA
TR36352|c3_g1	 PF12037.5,DUF3523;PF00004.26,AAA
TR36352|c4_g1	 NA
TR36352|c5_g1	 NA
TR36352|c6_g1	 NA
TR36352|c9_g1	 NA
TR36353|c0_g1	 NA
TR36353|c3_g1	 PF00005.24,ABC_tran
TR36353|c7_g1	 NA
TR36353|c8_g1	 NA
TR36354|c0_g1	 NA
TR36354|c12_g2	 NA
TR36354|c13_g1	 NA
TR36354|c14_g1	 NA
TR36354|c14_g3	 NA
TR36354|c15_g4	 NA
TR36354|c22_g1	 NA
TR36354|c3_g2	 NA
TR36354|c5_g1	 NA
TR36354|c7_g1	 NA
TR36354|c9_g1	 NA
TR36355|c0_g1	 PF13802.3,Gal_mutarotas_2;PF01055.23,Glyco_hydro_31;PF17137.1,DUF5110
TR36355|c0_g2	 NA
TR36355|c2_g1	 NA
TR36356|c0_g2	 PF13855.3,LRR_8;PF08477.10,Roc
TR36356|c0_g3	 PF00071.19,Ras
TR36357|c0_g1	 NA
TR36357|c3_g1	 PF01233.16,NMT;PF02799.12,NMT_C
TR36357|c6_g1	 PF01233.16,NMT
TR36358|c0_g1	 NA
TR36358|c6_g1	 NA
TR36359|c12_g1	 NA
TR36359|c2_g1	 NA
TR36359|c6_g1	 NA
TR36359|c7_g1	 NA
TR36359|c8_g1	 PF07714.14,Pkinase_Tyr
TR36359|c8_g3	 NA
TR36360|c0_g1	 NA
TR36360|c0_g3	 NA
TR36361|c11_g1	 PF03071.12,GNT-I
TR36361|c11_g2	 PF03071.12,GNT-I
TR36361|c13_g1	 NA
TR36361|c14_g1	 NA
TR36361|c18_g1	 NA
TR36361|c21_g1	 NA
TR36361|c2_g1	 NA
TR36361|c5_g1	 PF02731.12,SKIP_SNW
TR36361|c5_g2	 PF02731.12,SKIP_SNW
TR36362|c2_g1	 PF13843.3,DDE_Tnp_1_7;PF13843.3,DDE_Tnp_1_7
TR36362|c5_g1	 NA
TR36362|c5_g2	 NA
TR36362|c6_g1	 NA
TR36362|c6_g3	 NA
TR36362|c7_g1	 PF01423.19,LSM
TR36362|c8_g1	 NA
TR36362|c9_g1	 PF00646.30,F-box
TR36363|c10_g3	 NA
TR36363|c12_g1	 PF00047.22,ig;PF13927.3,Ig_3
TR36363|c17_g1	 NA
TR36364|c0_g1	 PF01839.20,FG-GAP;PF08441.9,Integrin_alpha2;PF08441.9,Integrin_alpha2
TR36364|c0_g2	 PF01839.20,FG-GAP;PF01839.20,FG-GAP;PF08441.9,Integrin_alpha2
TR36364|c14_g1	 NA
TR36364|c19_g1	 NA
TR36364|c24_g1	 NA
TR36364|c25_g1	 NA
TR36364|c27_g1	 NA
TR36364|c5_g1	 NA
TR36364|c5_g2	 NA
TR36364|c5_g3	 NA
TR36364|c7_g1	 NA
TR36365|c10_g1	 NA
TR36365|c10_g3	 NA
TR36365|c11_g1	 PF16499.2,Melibiase_2
TR36365|c17_g1	 PF00685.24,Sulfotransfer_1
TR36365|c18_g1	 NA
TR36365|c1_g2	 NA
TR36365|c21_g1	 NA
TR36365|c8_g2	 NA
TR36365|c9_g2	 NA
TR36366|c0_g1	 NA
TR36366|c1_g2	 NA
TR36366|c3_g2	 NA
TR36367|c1_g2	 NA
TR36368|c2_g1	 NA
TR36368|c2_g3	 PF02014.13,Reeler
TR36368|c4_g1	 NA
TR36369|c0_g1	 NA
TR36369|c3_g1	 PF00071.19,Ras
TR36370|c10_g1	 PF13637.3,Ank_4;PF01529.17,zf-DHHC
TR36370|c11_g1	 NA
TR36370|c8_g1	 NA
TR36372|c11_g1	 NA
TR36372|c14_g1	 NA
TR36372|c15_g1	 NA
TR36372|c4_g3	 NA
TR36372|c6_g1	 NA
TR36372|c7_g2	 NA
TR36372|c7_g3	 NA
TR36372|c7_g4	 NA
TR36373|c5_g1	 NA
TR36374|c2_g1	 NA
TR36374|c2_g2	 NA
TR36374|c3_g1	 NA
TR36375|c11_g1	 NA
TR36375|c14_g1	 NA
TR36375|c2_g1	 PF15057.3,DUF4537
TR36375|c3_g1	 NA
TR36375|c7_g1	 PF13855.3,LRR_8;PF13855.3,LRR_8;PF13855.3,LRR_8;PF13855.3,LRR_8
TR36375|c7_g5	 PF00001.18,7tm_1
TR36375|c9_g1	 NA
TR36377|c10_g1	 PF07778.8,CENP-I
TR36377|c13_g1	 NA
TR36377|c3_g1	 NA
TR36377|c6_g2	 NA
TR36377|c6_g3	 NA
TR36377|c9_g2	 PF00610.18,DEP;PF00631.19,G-gamma;PF00615.16,RGS
TR36378|c1_g1	 NA
TR36378|c4_g2	 PF00589.19,Phage_integrase
TR36378|c9_g1	 NA
TR36379|c10_g1	 NA
TR36379|c11_g1	 NA
TR36379|c13_g1	 PF15323.3,Ashwin
TR36379|c18_g1	 NA
TR36379|c3_g2	 NA
TR36379|c5_g1	 NA
TR36379|c5_g2	 NA
TR36379|c7_g1	 NA
TR36379|c8_g1	 NA
TR36379|c9_g1	 NA
TR36380|c0_g1	 NA
TR36380|c1_g2	 NA
TR36380|c1_g4	 PF07653.14,SH3_2
TR36381|c1_g2	 NA
TR36381|c1_g3	 NA
TR36381|c2_g1	 NA
TR36381|c3_g1	 NA
TR36382|c0_g1	 PF03151.13,TPT
TR36382|c1_g1	 NA
TR36382|c5_g1	 PF02736.16,Myosin_N;PF00063.18,Myosin_head;PF01576.16,Myosin_tail_1
TR36382|c5_g2	 PF01576.16,Myosin_tail_1
TR36383|c2_g1	 NA
TR36383|c4_g3	 NA
TR36384|c16_g1	 NA
TR36384|c4_g1	 NA
TR36384|c9_g1	 PF05014.12,Nuc_deoxyrib_tr
TR36385|c12_g1	 NA
TR36385|c2_g2	 NA
TR36385|c4_g1	 NA
TR36385|c4_g2	 NA
TR36385|c5_g1	 PF00454.24,PI3_PI4_kinase;PF02260.17,FATC
TR36385|c5_g2	 PF08163.9,NUC194;PF02259.20,FAT
TR36385|c6_g1	 NA
TR36386|c10_g1	 NA
TR36386|c1_g1	 NA
TR36386|c1_g2	 NA
TR36386|c4_g1	 NA
TR36386|c5_g1	 NA
TR36386|c6_g1	 PF07679.13,I-set;PF00041.18,fn3;PF00041.18,fn3
TR36386|c7_g1	 NA
TR36387|c10_g1	 NA
TR36387|c11_g1	 NA
TR36387|c2_g1	 NA
TR36387|c6_g1	 PF03160.11,Calx-beta
TR36387|c7_g1	 NA
TR36387|c9_g1	 NA
TR36387|c9_g2	 NA
TR36388|c11_g1	 NA
TR36388|c2_g1	 NA
TR36388|c5_g1	 NA
TR36388|c6_g1	 PF02946.11,GTF2I
TR36388|c7_g2	 PF05485.9,THAP
TR36388|c8_g2	 PF02037.24,SAP
TR36389|c13_g1	 NA
TR36389|c13_g2	 PF00076.19,RRM_1;PF00076.19,RRM_1
TR36389|c1_g2	 NA
TR36390|c0_g1	 NA
TR36391|c1_g2	 PF16909.2,VPS13_C
TR36392|c4_g1	 PF00090.16,TSP_1
TR36393|c2_g1	 NA
TR36393|c3_g1	 PF13229.3,Beta_helix
TR36394|c0_g1	 PF00665.23,rve
TR36394|c3_g1	 NA
TR36394|c6_g1	 NA
TR36395|c3_g2	 PF15296.3,Codanin-1_C
TR36396|c4_g1	 NA
TR36396|c6_g4	 NA
TR36396|c7_g1	 NA
TR36396|c8_g1	 NA
TR36397|c1_g1	 NA
TR36397|c1_g2	 PF00564.21,PB1
TR36398|c3_g1	 NA
TR36399|c11_g1	 NA
TR36399|c11_g2	 NA
TR36399|c16_g1	 NA
TR36399|c17_g1	 NA
TR36399|c1_g1	 NA
TR36399|c21_g1	 NA
TR36399|c25_g1	 NA
TR36399|c2_g1	 NA
TR36399|c4_g1	 NA
TR36399|c5_g1	 NA
TR36399|c8_g1	 NA
TR36399|c9_g1	 PF00071.19,Ras
TR363|c0_g1	 NA
TR36400|c0_g1	 PF00665.23,rve;PF00078.24,RVT_1;PF00077.17,RVP
TR36400|c5_g1	 NA
TR36401|c10_g1	 NA
TR36401|c10_g2	 NA
TR36401|c11_g1	 NA
TR36401|c12_g1	 NA
TR36401|c12_g2	 NA
TR36401|c16_g1	 NA
TR36401|c1_g1	 NA
TR36401|c2_g1	 NA
TR36401|c7_g2	 PF01217.17,Clat_adaptor_s
TR36401|c8_g3	 NA
TR36402|c0_g1	 NA
TR36402|c0_g2	 NA
TR36402|c11_g1	 NA
TR36402|c12_g2	 PF02301.15,HORMA
TR36402|c14_g1	 NA
TR36402|c17_g1	 NA
TR36402|c1_g1	 NA
TR36402|c1_g2	 NA
TR36402|c23_g1	 NA
TR36402|c24_g1	 NA
TR36402|c29_g1	 NA
TR36402|c2_g1	 NA
TR36402|c4_g1	 NA
TR36402|c7_g2	 NA
TR36402|c7_g4	 NA
TR36404|c0_g2	 PF01436.18,NHL
TR36404|c1_g1	 PF14966.3,DNA_repr_REX1B
TR36404|c2_g1	 NA
TR36404|c3_g1	 NA
TR36404|c3_g2	 NA
TR36404|c4_g1	 PF00179.23,UQ_con
TR36405|c10_g1	 NA
TR36405|c14_g1	 NA
TR36405|c20_g1	 NA
TR36405|c4_g1	 NA
TR36405|c6_g1	 NA
TR36405|c8_g1	 NA
TR36406|c1_g1	 NA
TR36406|c1_g3	 PF00069.22,Pkinase
TR36406|c1_g4	 NA
TR36406|c6_g1	 NA
TR36407|c1_g1	 PF04910.11,Tcf25
TR36407|c1_g2	 NA
TR36407|c2_g2	 NA
TR36407|c2_g3	 NA
TR36407|c3_g1	 PF00536.27,SAM_1;PF12240.5,Angiomotin_C
TR36407|c4_g4	 NA
TR36407|c4_g5	 NA
TR36409|c0_g1	 NA
TR36409|c9_g2	 PF12009.5,Telomerase_RBD
TR36410|c1_g2	 PF07645.12,EGF_CA;PF07645.12,EGF_CA;PF07645.12,EGF_CA;PF07645.12,EGF_CA;PF07645.12,EGF_CA;PF07645.12,EGF_CA;PF07645.12,EGF_CA;PF12662.4,cEGF;PF12662.4,cEGF;PF07645.12,EGF_CA;PF14670.3,FXa_inhibition;PF00431.17,CUB
TR36411|c2_g1	 NA
TR36411|c5_g1	 NA
TR36412|c0_g1	 NA
TR36412|c3_g6	 NA
TR36412|c3_g8	 PF00028.14,Cadherin;PF00028.14,Cadherin
TR36413|c0_g2	 NA
TR36413|c3_g1	 NA
TR36413|c5_g4	 NA
TR36414|c13_g1	 NA
TR36414|c1_g2	 NA
TR36414|c4_g2	 NA
TR36414|c6_g1	 NA
TR36414|c7_g1	 NA
TR36414|c8_g1	 NA
TR36415|c0_g1	 NA
TR36415|c4_g2	 PF16095.2,COR
TR36415|c4_g3	 NA
TR36416|c10_g1	 NA
TR36417|c10_g1	 NA
TR36417|c1_g1	 NA
TR36417|c2_g3	 NA
TR36417|c8_g1	 NA
TR36418|c6_g1	 NA
TR36418|c6_g2	 PF16095.2,COR
TR36418|c9_g1	 NA
TR36420|c3_g2	 NA
TR36420|c3_g3	 NA
TR36420|c7_g1	 NA
TR36421|c1_g1	 NA
TR36421|c2_g3	 PF00610.18,DEP
TR36422|c0_g1	 NA
TR36422|c0_g4	 PF02259.20,FAT;PF00454.24,PI3_PI4_kinase
TR36423|c13_g2	 NA
TR36423|c14_g1	 NA
TR36423|c21_g1	 NA
TR36424|c11_g1	 NA
TR36424|c12_g1	 NA
TR36424|c2_g1	 NA
TR36424|c4_g2	 NA
TR36425|c0_g2	 NA
TR36425|c3_g1	 NA
TR36425|c6_g1	 NA
TR36425|c7_g1	 NA
TR36425|c7_g2	 PF00583.22,Acetyltransf_1
TR36425|c7_g3	 NA
TR36426|c0_g1	 NA
TR36426|c2_g1	 NA
TR36426|c4_g1	 NA
TR36427|c1_g2	 NA
TR36428|c0_g2	 NA
TR36428|c13_g1	 NA
TR36428|c15_g1	 NA
TR36428|c3_g2	 PF00400.29,WD40;PF00400.29,WD40
TR36429|c6_g1	 PF03062.16,MBOAT
TR36429|c9_g1	 NA
TR3642|c0_g1	 NA
TR36431|c12_g1	 NA
TR36431|c1_g2	 NA
TR36431|c3_g1	 PF08389.9,Xpo1
TR36431|c3_g2	 NA
TR36431|c4_g1	 NA
TR36431|c8_g1	 NA
TR36432|c0_g1	 NA
TR36432|c5_g1	 NA
TR36433|c0_g2	 NA
TR36433|c2_g1	 NA
TR36434|c2_g1	 NA
TR36434|c3_g4	 NA
TR36434|c5_g1	 NA
TR36434|c6_g1	 NA
TR36434|c7_g1	 NA
TR36434|c9_g1	 NA
TR36435|c10_g1	 NA
TR36435|c2_g2	 PF03184.16,DDE_1
TR36435|c5_g2	 NA
TR36435|c7_g2	 PF02487.14,CLN3
TR3643|c0_g1	 NA
TR36444|c1_g1	 NA
TR36456|c1_g1	 NA
TR36466|c0_g1	 PF00071.19,Ras
TR36468|c0_g2	 NA
TR36469|c0_g1	 NA
TR36472|c0_g1	 NA
TR36473|c0_g1	 NA
TR36478|c1_g1	 NA
TR36479|c0_g1	 NA
TR36486|c0_g1	 NA
TR36497|c0_g1	 NA
TR36504|c0_g1	 NA
TR36514|c0_g1	 NA
TR36515|c0_g1	 NA
TR3651|c0_g1	 NA
TR3652|c0_g1	 PF10584.6,Proteasome_A_N;PF00227.23,Proteasome
TR36541|c1_g1	 NA
TR36546|c1_g1	 NA
TR36555|c1_g1	 PF10517.6,DM13
TR36555|c1_g2	 PF10517.6,DM13
TR36562|c0_g1	 NA
TR36569|c1_g1	 NA
TR3657|c0_g2	 PF02267.14,Rib_hydrolayse
TR3657|c0_g3	 NA
TR36581|c0_g1	 PF00241.17,Cofilin_ADF
TR36583|c0_g1	 PF02176.15,zf-TRAF;PF02176.15,zf-TRAF
TR36585|c0_g2	 PF00782.17,DSPc
TR36586|c0_g1	 PF01169.16,UPF0016;PF01169.16,UPF0016
TR36589|c2_g1	 NA
TR36590|c0_g1	 NA
TR36592|c0_g2	 PF00383.20,dCMP_cyt_deam_1
TR36592|c1_g1	 PF00069.22,Pkinase
TR36592|c2_g1	 PF13855.3,LRR_8
TR36592|c2_g2	 PF12799.4,LRR_4;PF13855.3,LRR_8
TR36593|c0_g2	 PF00002.21,7tm_2
TR36595|c0_g1	 NA
TR36596|c0_g1	 NA
TR36597|c0_g1	 NA
TR36597|c1_g1	 NA
TR36598|c0_g1	 PF10357.6,Kin17_mid
TR36598|c1_g1	 NA
TR36601|c1_g1	 NA
TR36602|c0_g1	 NA
TR36606|c0_g2	 PF01923.15,Cob_adeno_trans
TR36607|c3_g1	 NA
TR36608|c0_g1	 PF00085.17,Thioredoxin
TR36609|c0_g1	 NA
TR36609|c2_g1	 NA
TR36610|c1_g1	 NA
TR36611|c0_g1	 NA
TR36616|c0_g2	 NA
TR36618|c0_g1	 PF00169.26,PH
TR36623|c1_g1	 NA
TR36623|c1_g2	 PF09805.6,Nop25
TR36623|c2_g1	 NA
TR36624|c0_g1	 NA
TR36626|c0_g1	 PF04051.13,TRAPP
TR36626|c0_g2	 NA
TR36627|c0_g1	 PF03853.12,YjeF_N
TR36630|c2_g1	 NA
TR36631|c3_g1	 NA
TR36634|c0_g1	 PF00125.21,Histone
TR36636|c0_g2	 PF00412.19,LIM
TR36638|c0_g1	 PF02366.15,PMT;PF02815.16,MIR;PF16192.2,PMT_4TMC
TR36641|c0_g1	 NA
TR36641|c0_g2	 NA
TR36641|c1_g1	 NA
TR36645|c0_g1	 NA
TR36646|c0_g1	 PF07814.10,WAPL
TR36647|c0_g1	 NA
TR36650|c0_g1	 NA
TR36652|c3_g1	 NA
TR36660|c1_g1	 NA
TR36661|c0_g1	 PF00565.14,SNase;PF00565.14,SNase;PF00565.14,SNase;PF00565.14,SNase;PF00567.21,TUDOR
TR36661|c0_g3	 PF00565.14,SNase;PF00565.14,SNase;PF00567.21,TUDOR;PF00565.14,SNase
TR36663|c0_g1	 PF02668.13,TauD
TR36664|c1_g1	 NA
TR36664|c1_g3	 NA
TR36664|c2_g1	 NA
TR36669|c0_g1	 NA
TR36669|c1_g1	 NA
TR36673|c1_g1	 NA
TR36685|c0_g1	 NA
TR36686|c0_g1	 NA
TR36688|c1_g1	 NA
TR36698|c0_g1	 NA
TR366|c0_g1	 NA
TR36702|c1_g1	 NA
TR3670|c0_g1	 NA
TR36711|c0_g1	 NA
TR3673|c0_g1	 NA
TR3673|c1_g1	 NA
TR36749|c0_g1	 NA
TR36778|c0_g2	 NA
TR36781|c0_g2	 NA
TR36784|c0_g1	 NA
TR36792|c0_g2	 NA
TR36801|c0_g1	 NA
TR36801|c0_g2	 NA
TR36809|c0_g1	 NA
TR36813|c0_g1	 NA
TR36816|c0_g2	 PF01546.25,Peptidase_M20;PF07687.11,M20_dimer
TR36825|c0_g1	 NA
TR36840|c0_g1	 PF00173.25,Cyt-b5;PF00970.21,FAD_binding_6;PF00175.18,NAD_binding_1
TR36842|c0_g1	 NA
TR36842|c0_g2	 NA
TR36848|c0_g1	 PF10504.6,DUF2452
TR3684|c0_g1	 NA
TR3685|c0_g1	 PF00081.19,Sod_Fe_N;PF02777.15,Sod_Fe_C
TR36892|c0_g1	 NA
TR36966|c0_g2	 NA
TR36966|c4_g1	 PF07690.13,MFS_1
TR36966|c5_g1	 NA
TR36966|c7_g1	 NA
TR36967|c0_g1	 PF00630.16,Filamin;PF01436.18,NHL;PF01436.18,NHL;PF01436.18,NHL
TR36967|c1_g2	 NA
TR36967|c3_g1	 PF00643.21,zf-B_box;PF00643.21,zf-B_box;PF00630.16,Filamin;PF01436.18,NHL;PF01436.18,NHL
TR36967|c3_g2	 NA
TR36967|c4_g1	 PF09012.7,FeoC
TR36967|c7_g1	 PF01436.18,NHL;PF01436.18,NHL
TR36969|c2_g2	 NA
TR36970|c0_g1	 PF13516.3,LRR_6
TR36970|c0_g2	 NA
TR36971|c2_g1	 NA
TR36971|c4_g1	 NA
TR36971|c5_g1	 PF03635.14,Vps35
TR36971|c6_g1	 NA
TR36971|c7_g1	 NA
TR36971|c8_g1	 NA
TR36972|c0_g1	 NA
TR36972|c0_g2	 NA
TR36973|c6_g1	 NA
TR36974|c10_g3	 NA
TR36974|c11_g1	 NA
TR36974|c12_g1	 NA
TR36974|c15_g1	 NA
TR36974|c17_g1	 NA
TR36974|c1_g2	 NA
TR36974|c21_g1	 NA
TR36974|c5_g2	 PF00106.22,adh_short
TR36974|c8_g2	 NA
TR36975|c1_g2	 NA
TR36975|c4_g1	 PF00083.21,Sugar_tr
TR36975|c5_g1	 NA
TR36975|c6_g1	 NA
TR36976|c0_g2	 PF00640.20,PID
TR36977|c10_g2	 NA
TR36977|c18_g1	 NA
TR36977|c2_g1	 NA
TR36977|c6_g1	 NA
TR36977|c7_g1	 NA
TR36978|c0_g1	 NA
TR36978|c0_g2	 PF00271.28,Helicase_C;PF04408.20,HA2;PF07717.13,OB_NTP_bind
TR36979|c4_g1	 PF04116.10,FA_hydroxylase
TR36980|c0_g2	 NA
TR36980|c1_g1	 NA
TR36980|c1_g2	 PF16575.2,CLP1_P;PF06807.11,Clp1;PF16573.2,CLP1_N;PF16575.2,CLP1_P
TR36980|c3_g1	 PF09731.6,Mitofilin
TR36980|c5_g1	 NA
TR36981|c0_g1	 PF00169.26,PH;PF00130.19,C1_1
TR36982|c0_g1	 NA
TR36982|c0_g3	 NA
TR36983|c2_g2	 NA
TR36983|c3_g2	 NA
TR36983|c3_g3	 NA
TR36983|c4_g1	 NA
TR36983|c5_g1	 NA
TR36983|c6_g1	 NA
TR36983|c9_g1	 NA
TR36984|c10_g1	 NA
TR36984|c12_g1	 NA
TR36984|c14_g1	 NA
TR36984|c26_g1	 NA
TR36984|c3_g2	 NA
TR36984|c7_g2	 NA
TR36984|c9_g1	 PF00160.18,Pro_isomerase
TR36985|c2_g1	 NA
TR36985|c3_g1	 NA
TR36985|c3_g2	 NA
TR36985|c5_g1	 NA
TR36985|c5_g3	 PF02137.15,A_deamin
TR36986|c2_g1	 NA
TR36986|c3_g2	 NA
TR36986|c5_g2	 NA
TR36986|c7_g1	 NA
TR36986|c8_g1	 PF01094.25,ANF_receptor
TR36986|c9_g1	 PF00226.28,DnaJ;PF02889.13,Sec63;PF02889.13,Sec63
TR36987|c0_g1	 NA
TR36987|c1_g2	 NA
TR36989|c0_g1	 NA
TR36989|c2_g1	 NA
TR36992|c10_g1	 NA
TR36992|c14_g1	 NA
TR36992|c4_g1	 NA
TR36992|c5_g2	 NA
TR36992|c8_g2	 NA
TR36992|c9_g2	 NA
TR36992|c9_g4	 PF02176.15,zf-TRAF
TR36993|c1_g1	 PF05693.10,Glycogen_syn
TR36995|c1_g1	 NA
TR36995|c2_g1	 NA
TR36996|c1_g3	 NA
TR36996|c3_g2	 NA
TR36996|c3_g3	 NA
TR36996|c4_g1	 NA
TR36996|c5_g1	 NA
TR36997|c10_g1	 NA
TR36997|c2_g3	 NA
TR36998|c5_g2	 NA
TR36998|c5_g3	 NA
TR36999|c11_g1	 NA
TR36999|c12_g1	 NA
TR36999|c7_g2	 PF00160.18,Pro_isomerase
TR36999|c7_g3	 PF00400.29,WD40
TR36999|c8_g1	 NA
TR37000|c1_g1	 NA
TR37000|c2_g2	 NA
TR37000|c3_g1	 PF00147.15,Fibrinogen_C
TR37000|c5_g1	 NA
TR37000|c6_g1	 NA
TR37001|c0_g1	 NA
TR37001|c4_g1	 PF00176.20,SNF2_N;PF00271.28,Helicase_C
TR37001|c5_g1	 NA
TR37001|c6_g3	 NA
TR37001|c7_g1	 NA
TR37002|c4_g1	 PF06682.9,SARAF
TR37003|c17_g1	 NA
TR37003|c8_g1	 PF04104.11,DNA_primase_lrg
TR37005|c0_g1	 PF02163.19,Peptidase_M50
TR37006|c2_g3	 NA
TR37006|c3_g1	 NA
TR37006|c3_g2	 NA
TR37007|c3_g1	 NA
TR37007|c6_g1	 NA
TR37007|c7_g1	 NA
TR37007|c8_g2	 NA
TR37008|c4_g1	 NA
TR37008|c4_g2	 NA
TR37008|c4_g3	 PF15782.2,GREB1
TR37008|c4_g5	 NA
TR37009|c0_g1	 PF00248.18,Aldo_ket_red
TR37011|c1_g1	 PF01266.21,DAO
TR37012|c0_g1	 PF02837.15,Glyco_hydro_2_N;PF02836.14,Glyco_hydro_2_C
TR37013|c1_g1	 NA
TR37013|c2_g1	 NA
TR37014|c1_g1	 NA
TR37014|c2_g1	 NA
TR37014|c2_g2	 NA
TR37014|c4_g2	 PF12017.5,Tnp_P_element
TR37015|c0_g1	 NA
TR37015|c3_g1	 NA
TR37015|c6_g1	 NA
TR37015|c7_g3	 NA
TR37016|c1_g2	 NA
TR37016|c2_g1	 PF03399.13,SAC3_GANP
TR37016|c3_g2	 PF00078.24,RVT_1
TR37016|c6_g1	 NA
TR37016|c7_g1	 NA
TR37017|c1_g1	 PF00621.17,RhoGEF
TR37017|c1_g2	 NA
TR37018|c1_g1	 NA
TR37018|c3_g1	 PF08801.8,Nucleoporin_N
TR37019|c2_g1	 NA
TR37019|c4_g1	 NA
TR37021|c0_g1	 NA
TR37021|c10_g1	 NA
TR37021|c16_g1	 NA
TR37021|c1_g1	 NA
TR37021|c4_g2	 NA
TR37021|c8_g2	 NA
TR37021|c8_g3	 PF03160.11,Calx-beta;PF03160.11,Calx-beta
TR37022|c0_g2	 PF00503.17,G-alpha
TR37022|c0_g3	 PF00503.17,G-alpha;PF00153.24,Mito_carr;PF00153.24,Mito_carr;PF00153.24,Mito_carr
TR37024|c1_g1	 NA
TR37024|c7_g1	 PF00076.19,RRM_1
TR37024|c8_g2	 NA
TR37024|c8_g3	 NA
TR37024|c8_g4	 NA
TR37025|c10_g1	 NA
TR37025|c10_g2	 NA
TR37025|c17_g1	 NA
TR37026|c1_g1	 PF02437.14,Ski_Sno
TR37026|c1_g2	 NA
TR37026|c1_g3	 PF12773.4,DZR
TR37027|c1_g1	 NA
TR37027|c1_g2	 PF08621.7,RPAP1_N
TR37028|c2_g1	 PF13516.3,LRR_6;PF13516.3,LRR_6;PF13516.3,LRR_6
TR37028|c8_g1	 NA
TR37029|c1_g1	 NA
TR37029|c5_g1	 NA
TR37030|c14_g1	 NA
TR37030|c3_g1	 PF04505.9,CD225
TR37030|c4_g2	 NA
TR37030|c5_g1	 PF00852.16,Glyco_transf_10
TR37030|c8_g2	 NA
TR37030|c9_g1	 NA
TR37031|c11_g1	 NA
TR37031|c16_g1	 NA
TR37031|c17_g1	 NA
TR37031|c3_g1	 NA
TR37031|c4_g1	 PF01370.18,Epimerase
TR37031|c4_g2	 PF01370.18,Epimerase
TR37031|c7_g1	 NA
TR37031|c8_g1	 NA
TR37032|c4_g1	 NA
TR37032|c4_g3	 NA
TR37032|c4_g4	 NA
TR37032|c5_g1	 PF13445.3,zf-RING_UBOX;PF00643.21,zf-B_box;PF00630.16,Filamin
TR37033|c3_g1	 NA
TR37033|c3_g2	 NA
TR37035|c0_g1	 NA
TR37035|c0_g2	 NA
TR37035|c1_g1	 PF00078.24,RVT_1;PF13456.3,RVT_3;PF00589.19,Phage_integrase
TR37036|c3_g2	 NA
TR37036|c4_g1	 NA
TR37036|c5_g1	 NA
TR37037|c1_g1	 PF00530.15,SRCR;PF00530.15,SRCR
TR37037|c1_g2	 PF00530.15,SRCR
TR37037|c4_g1	 NA
TR37037|c6_g1	 PF00530.15,SRCR
TR37037|c6_g4	 NA
TR37038|c1_g1	 PF06427.8,UDP-g_GGTase
TR37040|c11_g1	 NA
TR37040|c13_g1	 NA
TR37040|c3_g1	 NA
TR37040|c7_g2	 PF11527.5,ARL2_Bind_BART
TR37040|c8_g1	 NA
TR37040|c8_g2	 NA
TR37041|c0_g1	 NA
TR37041|c1_g1	 PF16095.2,COR;PF00531.19,Death
TR37042|c10_g2	 NA
TR37042|c16_g1	 NA
TR37042|c2_g1	 NA
TR37042|c4_g1	 NA
TR37042|c8_g1	 NA
TR37043|c0_g1	 PF02148.16,zf-UBP;PF00443.26,UCH
TR37044|c17_g1	 NA
TR37044|c1_g1	 NA
TR37044|c1_g2	 NA
TR37044|c3_g1	 NA
TR37044|c5_g1	 NA
TR37044|c6_g1	 NA
TR37044|c7_g3	 NA
TR37045|c0_g1	 PF00069.22,Pkinase
TR37046|c0_g1	 NA
TR37046|c10_g1	 NA
TR37046|c14_g1	 NA
TR37046|c17_g1	 NA
TR37046|c18_g1	 NA
TR37046|c1_g1	 NA
TR37046|c1_g2	 NA
TR37046|c2_g1	 NA
TR37046|c3_g1	 NA
TR37046|c3_g2	 NA
TR37046|c4_g3	 NA
TR37046|c5_g1	 PF03133.12,TTL
TR37046|c5_g2	 NA
TR37046|c6_g1	 PF05773.19,RWD
TR37046|c7_g1	 NA
TR37046|c8_g1	 NA
TR37046|c8_g2	 NA
TR37047|c2_g1	 NA
TR37047|c3_g1	 PF10275.6,Peptidase_C65
TR37047|c3_g2	 NA
TR37047|c5_g1	 NA
TR37047|c6_g1	 PF06602.11,Myotub-related
TR37048|c1_g1	 PF07645.12,EGF_CA;PF00089.23,Trypsin
TR37049|c0_g1	 NA
TR37049|c11_g1	 NA
TR37049|c2_g1	 NA
TR37049|c3_g2	 PF00082.19,Peptidase_S8
TR37049|c5_g2	 NA
TR37049|c6_g3	 NA
TR37049|c7_g1	 PF05093.10,CIAPIN1
TR37049|c8_g2	 PF00078.24,RVT_1
TR37050|c0_g2	 NA
TR37050|c0_g3	 NA
TR37050|c1_g1	 PF10551.6,MULE;PF02008.17,zf-CXXC
TR37050|c1_g2	 NA
TR37051|c1_g1	 NA
TR37052|c10_g1	 NA
TR37052|c17_g1	 NA
TR37052|c1_g1	 NA
TR37052|c3_g2	 NA
TR37052|c4_g1	 NA
TR37052|c5_g1	 NA
TR37052|c6_g2	 NA
TR37052|c7_g1	 NA
TR37053|c5_g1	 NA
TR37054|c3_g1	 NA
TR37054|c4_g1	 PF03160.11,Calx-beta;PF03160.11,Calx-beta
TR37054|c7_g1	 PF03160.11,Calx-beta;PF03160.11,Calx-beta
TR37054|c7_g2	 NA
TR37055|c6_g3	 NA
TR37056|c0_g2	 NA
TR37057|c0_g3	 NA
TR37057|c1_g1	 PF00244.17,14-3-3
TR37057|c4_g1	 NA
TR37058|c15_g1	 NA
TR37058|c16_g1	 NA
TR37058|c5_g1	 PF00572.15,Ribosomal_L13
TR37058|c6_g1	 PF10523.6,BEN
TR37058|c7_g1	 NA
TR37058|c8_g2	 NA
TR37059|c0_g1	 PF01392.19,Fz;PF07714.14,Pkinase_Tyr
TR37059|c0_g3	 PF01392.19,Fz;PF07714.14,Pkinase_Tyr
TR37059|c1_g1	 PF07714.14,Pkinase_Tyr
TR37059|c1_g2	 NA
TR3705|c0_g1	 NA
TR3705|c1_g1	 NA
TR37060|c0_g1	 NA
TR37060|c1_g1	 NA
TR37060|c2_g1	 PF00167.15,FGF
TR37060|c2_g3	 NA
TR37061|c12_g1	 NA
TR37061|c6_g2	 NA
TR37061|c7_g1	 NA
TR37061|c8_g1	 PF12796.4,Ank_2;PF12796.4,Ank_2
TR37061|c8_g2	 PF12796.4,Ank_2;PF12796.4,Ank_2;PF12796.4,Ank_2;PF13637.3,Ank_4
TR37062|c13_g1	 NA
TR37062|c1_g1	 NA
TR37062|c2_g1	 NA
TR37062|c5_g1	 PF00241.17,Cofilin_ADF;PF00241.17,Cofilin_ADF
TR37062|c6_g1	 NA
TR37062|c6_g2	 PF02267.14,Rib_hydrolayse
TR37062|c6_g3	 NA
TR37062|c7_g1	 NA
TR37063|c1_g1	 NA
TR37063|c1_g3	 PF01545.18,Cation_efflux
TR37063|c2_g1	 NA
TR37063|c3_g1	 NA
TR37063|c4_g1	 PF05478.8,Prominin
TR37063|c4_g3	 NA
TR37064|c0_g1	 NA
TR37064|c5_g1	 NA
TR37064|c6_g1	 NA
TR37064|c6_g2	 NA
TR37064|c7_g1	 NA
TR37064|c9_g1	 NA
TR37064|c9_g2	 PF12796.4,Ank_2;PF12796.4,Ank_2
TR37065|c3_g1	 NA
TR37070|c0_g1	 NA
TR37084|c0_g1	 NA
TR37088|c0_g1	 NA
TR37096|c0_g1	 PF03556.12,Cullin_binding
TR37109|c0_g2	 PF05456.8,eIF_4EBP
TR37129|c0_g1	 NA
TR37138|c0_g1	 PF00614.19,PLDc;PF13091.3,PLDc_2
TR3713|c0_g2	 NA
TR37144|c0_g1	 NA
TR37144|c0_g3	 NA
TR37147|c0_g1	 NA
TR37156|c0_g1	 PF00342.16,PGI;PF00342.16,PGI
TR37164|c0_g1	 NA
TR37177|c0_g1	 NA
TR3717|c0_g1	 PF00685.24,Sulfotransfer_1
TR37186|c0_g1	 NA
TR37188|c0_g1	 NA
TR3719|c0_g1	 NA
TR371|c0_g1	 NA
TR37201|c0_g2	 NA
TR3720|c0_g1	 NA
TR37225|c0_g1	 PF00071.19,Ras
TR3722|c0_g1	 NA
TR37231|c0_g1	 NA
TR37232|c0_g1	 NA
TR37233|c0_g1	 PF02776.15,TPP_enzyme_N;PF00205.19,TPP_enzyme_M;PF02775.18,TPP_enzyme_C
TR37256|c1_g1	 NA
TR37259|c0_g1	 NA
TR37284|c0_g1	 NA
TR37289|c0_g1	 NA
TR37302|c0_g1	 PF00646.30,F-box
TR37308|c0_g1	 NA
TR37318|c0_g1	 NA
TR37324|c1_g1	 NA
TR37331|c1_g1	 NA
TR37333|c0_g1	 NA
TR37346|c1_g1	 NA
TR37353|c2_g1	 NA
TR37357|c1_g1	 NA
TR37357|c2_g1	 NA
TR37359|c0_g1	 NA
TR37361|c1_g1	 NA
TR3736|c0_g1	 PF01267.14,F-actin_cap_A
TR37371|c1_g1	 NA
TR37372|c0_g1	 NA
TR37382|c0_g1	 NA
TR37386|c0_g1	 NA
TR3738|c0_g1	 NA
TR37391|c0_g1	 PF00153.24,Mito_carr;PF00153.24,Mito_carr;PF00153.24,Mito_carr
TR37391|c0_g2	 PF00153.24,Mito_carr;PF00153.24,Mito_carr
TR37393|c1_g1	 PF00069.22,Pkinase
TR37394|c3_g1	 PF00632.22,HECT
TR37405|c0_g1	 NA
TR37451|c0_g1	 NA
TR37467|c0_g1	 NA
TR37471|c0_g2	 PF00573.19,Ribosomal_L4;PF14374.3,Ribos_L4_asso_C
TR3747|c0_g1	 NA
TR37508|c0_g1	 NA
TR37524|c0_g1	 NA
TR37526|c0_g1	 NA
TR37532|c0_g1	 NA
TR3755|c0_g1	 NA
TR37583|c0_g1	 NA
TR37590|c0_g1	 NA
TR37591|c0_g1	 PF10075.6,CSN8_PSD8_EIF3K
TR3760|c0_g1	 NA
TR37630|c0_g1	 PF00378.17,ECH_1
TR37637|c1_g1	 NA
TR37639|c0_g1	 PF00483.20,NTP_transferase;PF00132.21,Hexapep
TR37647|c0_g1	 PF00270.26,DEAD;PF00271.28,Helicase_C
TR37655|c0_g1	 PF00505.16,HMG_box
TR37656|c0_g1	 NA
TR3767|c0_g1	 NA
TR37754|c0_g1	 PF00884.20,Sulfatase
TR37755|c0_g2	 PF12662.4,cEGF;PF12662.4,cEGF;PF14670.3,FXa_inhibition;PF12662.4,cEGF;PF14670.3,FXa_inhibition;PF07645.12,EGF_CA;PF00084.17,Sushi;PF07645.12,EGF_CA;PF07645.12,EGF_CA;PF14670.3,FXa_inhibition;PF00084.17,Sushi;PF00008.24,EGF
TR37764|c0_g1	 PF00248.18,Aldo_ket_red;PF05960.8,DUF885
TR37764|c0_g2	 PF00248.18,Aldo_ket_red;PF05960.8,DUF885
TR37770|c0_g1	 PF13920.3,zf-C3HC4_3
TR37777|c0_g1	 PF02057.12,Glyco_hydro_59
TR37780|c0_g1	 NA
TR37782|c0_g1	 NA
TR37784|c0_g1	 PF00318.17,Ribosomal_S2;PF00318.17,Ribosomal_S2
TR37792|c0_g1	 NA
TR37802|c0_g2	 NA
TR37820|c0_g1	 NA
TR37821|c0_g1	 NA
TR37822|c0_g1	 PF03105.16,SPX;PF03105.16,SPX;PF03124.11,EXS;PF03124.11,EXS
TR37824|c0_g1	 NA
TR37836|c0_g1	 NA
TR37837|c0_g1	 NA
TR37839|c0_g1	 NA
TR37842|c0_g1	 NA
TR37854|c0_g1	 PF00244.17,14-3-3
TR3786|c0_g1	 NA
TR378|c0_g1	 NA
TR37930|c0_g1	 NA
TR37958|c0_g1	 NA
TR37965|c0_g1	 NA
TR37967|c0_g1	 PF00561.17,Abhydrolase_1;PF00561.17,Abhydrolase_1
TR37969|c0_g1	 NA
TR37972|c0_g1	 NA
TR37973|c0_g1	 PF04099.9,Sybindin
TR37986|c0_g1	 PF13424.3,TPR_12
TR38003|c0_g1	 NA
TR38015|c0_g1	 PF13637.3,Ank_4
TR38016|c0_g1	 NA
TR3801|c0_g1	 PF08323.8,Glyco_transf_5;PF00534.17,Glycos_transf_1
TR3802|c0_g1	 NA
TR38032|c0_g1	 NA
TR38043|c0_g1	 PF00147.15,Fibrinogen_C
TR38044|c0_g1	 NA
TR38054|c0_g1	 NA
TR38054|c1_g1	 NA
TR38058|c2_g1	 NA
TR38069|c0_g1	 NA
TR3807|c1_g1	 PF02210.21,Laminin_G_2
TR38083|c0_g1	 NA
TR38085|c0_g1	 NA
TR3808|c0_g1	 NA
TR38090|c0_g1	 NA
TR38099|c0_g1	 NA
TR38102|c0_g1	 PF00307.28,CH;PF00307.28,CH;PF00307.28,CH;PF00630.16,Filamin;PF00630.16,Filamin;PF00630.16,Filamin;PF00630.16,Filamin;PF00630.16,Filamin;PF00630.16,Filamin
TR38104|c0_g1	 NA
TR38115|c0_g2	 NA
TR38120|c0_g1	 NA
TR38134|c0_g1	 PF00355.23,Rieske
TR38146|c0_g1	 PF00498.23,FHA
TR38150|c0_g1	 NA
TR38173|c0_g1	 NA
TR38185|c0_g1	 PF05185.13,PRMT5
TR38189|c0_g1	 NA
TR3818|c0_g1	 NA
TR38192|c0_g1	 PF00535.23,Glycos_transf_2;PF00535.23,Glycos_transf_2
TR38192|c0_g2	 PF00535.23,Glycos_transf_2
TR38193|c0_g1	 NA
TR38219|c0_g1	 PF00773.16,RNB
TR38232|c1_g1	 PF00001.18,7tm_1
TR38234|c1_g1	 PF03813.11,Nrap
TR38234|c2_g1	 NA
TR38234|c2_g2	 PF03813.11,Nrap;PF03813.11,Nrap
TR38235|c0_g1	 PF00169.26,PH;PF01852.16,START
TR38237|c0_g1	 NA
TR38237|c0_g2	 NA
TR38238|c0_g1	 NA
TR38238|c0_g2	 NA
TR38238|c1_g1	 PF00153.24,Mito_carr;PF00153.24,Mito_carr
TR38238|c2_g1	 NA
TR38240|c0_g2	 PF12848.4,ABC_tran_Xtn
TR38241|c0_g1	 PF13857.3,Ank_5;PF00023.27,Ank;PF12796.4,Ank_2;PF13606.3,Ank_3;PF13606.3,Ank_3;PF13855.3,LRR_8
TR38241|c0_g2	 NA
TR38241|c0_g3	 PF08477.10,Roc;PF16095.2,COR;PF00069.22,Pkinase
TR38241|c1_g1	 NA
TR38242|c2_g1	 NA
TR38243|c0_g2	 NA
TR38244|c0_g1	 NA
TR38244|c7_g1	 NA
TR38245|c2_g1	 NA
TR38245|c4_g1	 NA
TR38246|c0_g1	 NA
TR38246|c0_g2	 NA
TR38248|c1_g1	 PF00962.19,A_deaminase
TR38248|c1_g2	 PF00962.19,A_deaminase
TR38249|c0_g1	 PF00855.14,PWWP
TR38249|c1_g1	 PF00240.20,ubiquitin
TR38251|c2_g1	 PF01363.18,FYVE;PF01363.18,FYVE
TR38251|c3_g1	 PF02815.16,MIR;PF16192.2,PMT_4TMC;PF02366.15,PMT
TR38251|c4_g1	 NA
TR38252|c2_g1	 PF03098.12,An_peroxidase
TR38254|c0_g1	 PF15891.2,Nuc_deoxyri_tr2
TR38255|c1_g1	 NA
TR38257|c0_g1	 PF00078.24,RVT_1;PF00665.23,rve
TR38257|c1_g1	 NA
TR38258|c0_g1	 NA
TR38258|c2_g1	 NA
TR38258|c3_g1	 NA
TR38260|c0_g1	 NA
TR38260|c2_g1	 PF13418.3,Kelch_4;PF01344.22,Kelch_1
TR38260|c2_g2	 PF07974.10,EGF_2;PF00053.21,Laminin_EGF;PF00053.21,Laminin_EGF
TR38262|c0_g2	 NA
TR38264|c0_g1	 PF13637.3,Ank_4;PF12796.4,Ank_2
TR38264|c1_g1	 NA
TR38266|c1_g1	 NA
TR38267|c1_g1	 PF00082.19,Peptidase_S8
TR38268|c2_g1	 PF05729.9,NACHT
TR38268|c2_g2	 NA
TR38269|c0_g1	 NA
TR38270|c1_g2	 NA
TR38270|c3_g1	 PF00071.19,Ras
TR38271|c0_g1	 NA
TR38271|c0_g2	 NA
TR38272|c1_g1	 PF00595.21,PDZ
TR38273|c0_g1	 NA
TR38274|c0_g1	 PF05028.11,PARG_cat
TR38277|c0_g2	 PF13637.3,Ank_4;PF12796.4,Ank_2;PF01529.17,zf-DHHC
TR38278|c0_g1	 PF00643.21,zf-B_box;PF00630.16,Filamin
TR38279|c0_g1	 PF13374.3,TPR_10;PF14559.3,TPR_19;PF13844.3,Glyco_transf_41;PF13844.3,Glyco_transf_41
TR38281|c0_g2	 NA
TR38281|c0_g3	 PF00665.23,rve
TR38282|c1_g1	 NA
TR38284|c0_g2	 PF13964.3,Kelch_6;PF01344.22,Kelch_1
TR38285|c0_g1	 PF00244.17,14-3-3
TR38288|c0_g1	 PF00307.28,CH;PF00017.21,SH2;PF00017.21,SH2
TR38288|c0_g2	 NA
TR38289|c0_g1	 PF00224.18,PK;PF02887.13,PK_C
TR38293|c3_g1	 PF03803.12,Scramblase
TR38293|c3_g2	 NA
TR38294|c1_g1	 NA
TR38294|c1_g3	 PF00685.24,Sulfotransfer_1
TR38295|c0_g1	 PF05497.9,Destabilase
TR38296|c1_g2	 NA
TR38296|c1_g4	 NA
TR38297|c0_g1	 PF01753.15,zf-MYND
TR38297|c3_g1	 PF00248.18,Aldo_ket_red
TR38298|c2_g1	 NA
TR38302|c2_g1	 NA
TR38303|c0_g1	 NA
TR38305|c1_g2	 NA
TR38306|c1_g1	 PF05729.9,NACHT
TR38306|c1_g2	 NA
TR38306|c3_g1	 NA
TR38310|c0_g1	 PF00226.28,DnaJ;PF13432.3,TPR_16;PF07719.14,TPR_2;PF00076.19,RRM_1
TR38310|c1_g1	 NA
TR38312|c0_g1	 PF04189.10,Gcd10p;PF04189.10,Gcd10p
TR38312|c1_g1	 NA
TR38315|c0_g1	 PF03133.12,TTL;PF03133.12,TTL
TR38315|c0_g2	 NA
TR38316|c0_g1	 NA
TR38316|c0_g2	 NA
TR38316|c1_g1	 PF02284.13,COX5A
TR38316|c1_g2	 PF02002.14,TFIIE_alpha;PF11521.5,TFIIE-A_C
TR38316|c1_g3	 NA
TR38319|c0_g2	 PF05729.9,NACHT
TR38319|c1_g2	 NA
TR38320|c0_g1	 NA
TR38320|c0_g2	 PF14608.3,zf-CCCH_2;PF14608.3,zf-CCCH_2
TR38320|c1_g1	 NA
TR38320|c1_g2	 NA
TR38323|c0_g1	 NA
TR38323|c1_g1	 NA
TR38323|c1_g2	 NA
TR38326|c0_g1	 NA
TR38326|c0_g3	 NA
TR38329|c0_g2	 PF12796.4,Ank_2;PF11904.5,GPCR_chapero_1
TR38329|c2_g1	 NA
TR38330|c0_g1	 NA
TR38330|c0_g2	 NA
TR38335|c0_g3	 NA
TR38346|c0_g2	 NA
TR38350|c0_g1	 NA
TR38366|c1_g1	 NA
TR38371|c4_g1	 PF13516.3,LRR_6;PF13516.3,LRR_6;PF13516.3,LRR_6
TR38386|c0_g1	 NA
TR38390|c0_g1	 NA
TR38409|c0_g1	 NA
TR3844|c0_g1	 NA
TR38476|c0_g1	 NA
TR38495|c0_g1	 NA
TR38545|c0_g1	 NA
TR38586|c0_g1	 PF14306.3,PUA_2;PF01747.14,ATP-sulfurylase
TR38593|c0_g1	 NA
TR38607|c0_g1	 NA
TR38611|c1_g1	 NA
TR38612|c0_g1	 PF13869.3,NUDIX_2
TR38617|c0_g1	 NA
TR38620|c0_g1	 NA
TR38627|c0_g1	 NA
TR38629|c2_g1	 NA
TR38635|c0_g1	 NA
TR38636|c0_g1	 NA
TR38644|c0_g1	 NA
TR3865|c0_g3	 PF15057.3,DUF4537;PF16770.2,RTT107_BRCT_5
TR38664|c3_g1	 PF00665.23,rve
TR38667|c0_g1	 PF00149.25,Metallophos
TR3866|c10_g1	 NA
TR3866|c7_g1	 NA
TR38670|c1_g1	 NA
TR38679|c0_g1	 NA
TR3867|c2_g1	 NA
TR3867|c3_g4	 NA
TR3867|c3_g5	 NA
TR3867|c8_g1	 NA
TR38683|c0_g1	 NA
TR3868|c2_g1	 PF00289.19,Biotin_carb_N;PF02786.14,CPSase_L_D2
TR3868|c2_g2	 PF02786.14,CPSase_L_D2;PF02785.16,Biotin_carb_C
TR3868|c2_g3	 PF00364.19,Biotin_lipoyl;PF08326.9,ACC_central;PF01039.19,Carboxyl_trans
TR38691|c0_g1	 NA
TR38693|c0_g1	 NA
TR38693|c0_g2	 NA
TR3869|c0_g1	 NA
TR38702|c0_g1	 NA
TR3870|c11_g2	 NA
TR3870|c15_g1	 NA
TR3870|c17_g1	 NA
TR3870|c25_g1	 NA
TR3870|c28_g1	 NA
TR3870|c4_g1	 PF00110.16,wnt;PF00110.16,wnt
TR3870|c5_g2	 NA
TR3870|c7_g1	 PF10252.6,PP28
TR3870|c7_g2	 PF10252.6,PP28
TR3870|c8_g2	 PF12796.4,Ank_2;PF07714.14,Pkinase_Tyr
TR3871|c3_g2	 PF01403.16,Sema;PF01437.22,PSI;PF00041.18,fn3
TR38724|c0_g1	 NA
TR3872|c10_g1	 PF02137.15,A_deamin
TR3872|c11_g1	 PF03031.15,NIF
TR3872|c12_g1	 PF01436.18,NHL;PF01436.18,NHL
TR3872|c14_g1	 NA
TR3872|c15_g1	 NA
TR3872|c17_g1	 NA
TR3872|c1_g1	 NA
TR3872|c21_g1	 NA
TR3872|c24_g1	 NA
TR3872|c36_g1	 NA
TR3872|c4_g1	 NA
TR3872|c5_g2	 NA
TR3872|c8_g1	 NA
TR3872|c8_g2	 NA
TR38730|c0_g1	 PF04143.11,Sulf_transp
TR38731|c0_g1	 NA
TR38732|c0_g1	 NA
TR38737|c0_g1	 NA
TR3873|c0_g3	 PF00003.19,7tm_3
TR3873|c1_g1	 PF00003.19,7tm_3
TR3874|c0_g2	 NA
TR3874|c10_g2	 NA
TR3874|c10_g3	 NA
TR3874|c7_g3	 NA
TR3874|c9_g1	 PF13927.3,Ig_3;PF00041.18,fn3;PF00041.18,fn3
TR38756|c0_g1	 NA
TR3875|c13_g1	 NA
TR3875|c7_g1	 NA
TR3875|c8_g2	 PF00076.19,RRM_1;PF00076.19,RRM_1;PF00076.19,RRM_1
TR3875|c8_g3	 PF00076.19,RRM_1;PF00076.19,RRM_1;PF00076.19,RRM_1
TR3875|c9_g1	 NA
TR3877|c1_g1	 PF04096.11,Nucleoporin2
TR3877|c1_g2	 NA
TR38780|c0_g1	 NA
TR38793|c0_g1	 NA
TR3879|c1_g1	 NA
TR3879|c1_g2	 NA
TR3879|c2_g2	 PF00665.23,rve
TR3880|c0_g1	 NA
TR3880|c1_g1	 PF12947.4,EGF_3;PF02469.19,Fasciclin
TR3880|c1_g2	 PF12947.4,EGF_3;PF02469.19,Fasciclin;PF02469.19,Fasciclin
TR3880|c1_g3	 PF12947.4,EGF_3;PF12947.4,EGF_3;PF12947.4,EGF_3;PF02469.19,Fasciclin;PF02469.19,Fasciclin
TR3880|c2_g1	 NA
TR38816|c0_g1	 NA
TR38817|c0_g1	 PF00069.22,Pkinase
TR3881|c0_g1	 NA
TR3881|c1_g1	 NA
TR3881|c2_g1	 NA
TR38821|c0_g2	 PF00505.16,HMG_box
TR3882|c0_g1	 NA
TR3882|c1_g1	 NA
TR3882|c2_g1	 NA
TR3882|c2_g2	 NA
TR38830|c0_g1	 NA
TR38834|c0_g1	 PF13516.3,LRR_6;PF13516.3,LRR_6;PF13516.3,LRR_6
TR38839|c0_g2	 PF13499.3,EF-hand_7
TR3883|c1_g2	 NA
TR3883|c2_g1	 PF13649.3,Methyltransf_25
TR3883|c3_g1	 NA
TR3883|c3_g2	 NA
TR3883|c3_g3	 PF00078.24,RVT_1;PF00665.23,rve
TR3883|c3_g4	 PF03732.14,Retrotrans_gag
TR3883|c4_g1	 PF08241.9,Methyltransf_11
TR3883|c6_g1	 NA
TR38841|c0_g1	 NA
TR38843|c0_g1	 PF00787.21,PX;PF09325.7,Vps5
TR38847|c0_g1	 NA
TR38855|c0_g1	 NA
TR38856|c0_g1	 PF00134.20,Cyclin_N;PF02984.16,Cyclin_C
TR38856|c1_g1	 NA
TR3885|c12_g1	 NA
TR3885|c5_g1	 NA
TR3885|c5_g4	 PF14529.3,Exo_endo_phos_2
TR3885|c5_g5	 NA
TR3886|c0_g1	 NA
TR3886|c1_g1	 NA
TR3886|c2_g1	 NA
TR3886|c2_g5	 NA
TR3886|c3_g1	 NA
TR38870|c0_g1	 NA
TR38872|c0_g1	 PF00084.17,Sushi;PF00084.17,Sushi;PF00084.17,Sushi;PF00084.17,Sushi;PF00084.17,Sushi;PF00084.17,Sushi;PF00084.17,Sushi;PF00084.17,Sushi;PF00084.17,Sushi
TR38876|c0_g1	 NA
TR38876|c1_g1	 NA
TR38876|c4_g1	 PF00240.20,ubiquitin;PF01485.18,IBR;PF01485.18,IBR
TR38876|c5_g2	 NA
TR38877|c1_g1	 NA
TR38877|c3_g2	 NA
TR38877|c3_g3	 PF03992.13,ABM
TR38877|c4_g1	 PF10288.6,CTU2;PF01411.16,tRNA-synt_2c;PF07973.11,tRNA_SAD;PF02272.16,DHHA1
TR38877|c6_g1	 NA
TR38878|c1_g2	 PF02992.11,Transposase_21;PF06869.9,DUF1258
TR38878|c3_g1	 NA
TR38878|c3_g2	 NA
TR38878|c4_g1	 NA
TR38878|c5_g1	 NA
TR38878|c8_g1	 NA
TR38879|c0_g1	 NA
TR38879|c2_g2	 NA
TR38879|c3_g2	 PF00575.20,S1
TR38879|c3_g3	 PF00575.20,S1;PF00575.20,S1;PF00575.20,S1
TR38879|c4_g1	 PF13181.3,TPR_8;PF05843.11,Suf
TR38879|c7_g1	 NA
TR38879|c8_g1	 NA
TR38879|c9_g1	 NA
TR3887|c1_g1	 NA
TR3887|c2_g1	 PF00249.28,Myb_DNA-binding;PF00249.28,Myb_DNA-binding;PF00249.28,Myb_DNA-binding;PF13921.3,Myb_DNA-bind_6
TR38880|c10_g1	 NA
TR38880|c11_g1	 NA
TR38880|c13_g1	 NA
TR38880|c6_g1	 NA
TR38880|c8_g1	 PF00041.18,fn3;PF00041.18,fn3;PF00041.18,fn3
TR38880|c8_g2	 PF00041.18,fn3;PF00041.18,fn3
TR38881|c12_g1	 NA
TR38881|c25_g1	 NA
TR38881|c26_g1	 NA
TR38881|c28_g1	 NA
TR38881|c29_g1	 NA
TR38881|c2_g2	 PF13489.3,Methyltransf_23
TR38881|c32_g1	 NA
TR38881|c5_g2	 NA
TR38881|c7_g1	 PF04145.12,Ctr
TR38882|c0_g1	 NA
TR38882|c0_g2	 NA
TR38883|c0_g1	 PF16184.2,Cadherin_3
TR38883|c0_g4	 PF16184.2,Cadherin_3;PF16184.2,Cadherin_3;PF16184.2,Cadherin_3;PF16184.2,Cadherin_3;PF16184.2,Cadherin_3;PF16184.2,Cadherin_3
TR38884|c2_g1	 PF00078.24,RVT_1
TR38884|c2_g2	 PF00078.24,RVT_1
TR38884|c2_g3	 NA
TR38884|c2_g4	 NA
TR38884|c3_g1	 PF01127.19,Sdh_cyt;PF12416.5,DUF3668
TR38884|c3_g2	 PF05328.9,CybS
TR38884|c6_g1	 NA
TR38886|c10_g1	 NA
TR38886|c3_g1	 PF15372.3,DUF4600
TR38886|c4_g2	 NA
TR38888|c0_g1	 NA
TR38888|c10_g1	 NA
TR38888|c11_g1	 NA
TR38888|c15_g1	 NA
TR38888|c7_g1	 NA
TR38888|c8_g1	 NA
TR38889|c10_g1	 NA
TR38889|c10_g2	 NA
TR38889|c11_g1	 NA
TR38889|c14_g2	 NA
TR3888|c1_g1	 PF00168.27,C2;PF00168.27,C2
TR3888|c3_g4	 NA
TR3888|c6_g1	 NA
TR38890|c2_g1	 NA
TR38890|c3_g1	 NA
TR38890|c8_g1	 NA
TR38892|c3_g1	 NA
TR38893|c12_g1	 NA
TR38893|c17_g1	 NA
TR38893|c1_g1	 NA
TR38893|c3_g1	 NA
TR38893|c4_g1	 PF02121.15,IP_trans
TR38893|c6_g1	 NA
TR38893|c7_g1	 NA
TR38893|c8_g1	 NA
TR38893|c8_g2	 NA
TR38893|c8_g5	 NA
TR38894|c1_g1	 PF07714.14,Pkinase_Tyr;PF01344.22,Kelch_1
TR38895|c1_g1	 PF00567.21,TUDOR
TR38895|c1_g4	 PF00567.21,TUDOR;PF00567.21,TUDOR;PF00567.21,TUDOR;PF00567.21,TUDOR;PF00567.21,TUDOR
TR38896|c0_g1	 NA
TR38896|c10_g1	 NA
TR38896|c1_g1	 NA
TR38896|c3_g1	 PF03221.13,HTH_Tnp_Tc5;PF03221.13,HTH_Tnp_Tc5;PF03221.13,HTH_Tnp_Tc5
TR38896|c3_g2	 PF03221.13,HTH_Tnp_Tc5;PF03221.13,HTH_Tnp_Tc5;PF03221.13,HTH_Tnp_Tc5
TR38896|c4_g1	 NA
TR38896|c4_g2	 NA
TR38896|c5_g1	 PF03061.19,4HBT
TR38896|c8_g1	 PF13506.3,Glyco_transf_21
TR38897|c2_g1	 NA
TR38897|c3_g1	 PF03160.11,Calx-beta;PF03160.11,Calx-beta;PF03160.11,Calx-beta;PF03160.11,Calx-beta;PF03160.11,Calx-beta
TR38897|c3_g2	 PF03160.11,Calx-beta;PF03160.11,Calx-beta;PF03160.11,Calx-beta;PF03160.11,Calx-beta
TR38898|c6_g1	 PF00520.28,Ion_trans
TR38898|c7_g1	 NA
TR38898|c7_g2	 PF12796.4,Ank_2
TR38898|c7_g4	 PF12796.4,Ank_2
TR38898|c9_g1	 NA
TR38899|c3_g2	 NA
TR38899|c4_g2	 NA
TR3889|c10_g1	 NA
TR3889|c11_g1	 PF14226.3,DIOX_N;PF03171.17,2OG-FeII_Oxy
TR3889|c14_g1	 NA
TR38900|c10_g1	 NA
TR38900|c10_g2	 NA
TR38900|c21_g1	 NA
TR38900|c8_g1	 PF07393.8,Sec10
TR38900|c9_g2	 NA
TR38901|c0_g1	 NA
TR38901|c5_g2	 NA
TR38901|c7_g2	 PF00931.19,NB-ARC
TR38902|c3_g2	 PF00076.19,RRM_1;PF00076.19,RRM_1;PF07757.10,AdoMet_MTase
TR38902|c6_g1	 NA
TR38903|c9_g1	 NA
TR38904|c0_g2	 NA
TR38904|c1_g2	 PF01661.18,Macro;PF01661.18,Macro;PF01661.18,Macro
TR38904|c1_g3	 NA
TR38905|c3_g1	 PF01650.15,Peptidase_C13
TR38905|c7_g1	 NA
TR38905|c8_g1	 NA
TR38906|c2_g1	 NA
TR38906|c6_g1	 NA
TR38907|c3_g1	 NA
TR38907|c4_g2	 PF02825.17,WWE;PF05406.12,WGR;PF02877.11,PARP_reg;PF00644.17,PARP
TR38907|c4_g3	 PF02825.17,WWE
TR38907|c5_g2	 PF00645.15,zf-PARP;PF00645.15,zf-PARP
TR38907|c5_g3	 PF08063.9,PADR1;PF05406.12,WGR;PF02877.11,PARP_reg;PF00644.17,PARP
TR38908|c4_g1	 NA
TR38908|c4_g2	 NA
TR38908|c4_g3	 NA
TR38908|c7_g1	 NA
TR38909|c0_g1	 NA
TR38909|c3_g1	 PF05380.10,Peptidase_A17;PF00665.23,rve
TR38909|c3_g3	 PF03564.12,DUF1759;PF05585.9,DUF1758
TR3890|c1_g1	 NA
TR3890|c1_g2	 PF00595.21,PDZ;PF00595.21,PDZ;PF00595.21,PDZ
TR38910|c11_g1	 NA
TR38910|c1_g1	 NA
TR38910|c1_g2	 NA
TR38910|c4_g2	 PF00017.21,SH2
TR38910|c5_g2	 PF00909.18,Ammonium_transp
TR38910|c6_g1	 PF00595.21,PDZ;PF00018.25,SH3_1;PF00018.25,SH3_1;PF14604.3,SH3_9
TR38911|c0_g2	 PF14223.3,Retrotran_gag_2
TR38911|c1_g1	 NA
TR38912|c1_g2	 NA
TR38912|c2_g1	 PF02513.14,Spin-Ssty
TR38913|c5_g1	 PF01094.25,ANF_receptor;PF01094.25,ANF_receptor;PF00003.19,7tm_3
TR38913|c5_g2	 NA
TR38913|c6_g1	 NA
TR38913|c8_g1	 NA
TR38914|c10_g1	 NA
TR38914|c14_g1	 NA
TR38914|c3_g1	 PF00339.26,Arrestin_N;PF02752.19,Arrestin_C
TR38914|c4_g1	 NA
TR38914|c4_g2	 NA
TR38914|c5_g1	 PF04678.10,MCU
TR38914|c7_g6	 NA
TR38914|c7_g7	 NA
TR38914|c9_g1	 NA
TR38915|c0_g2	 NA
TR38915|c15_g1	 NA
TR38915|c17_g1	 NA
TR38915|c6_g2	 NA
TR38915|c8_g1	 NA
TR38916|c0_g1	 NA
TR38916|c0_g2	 NA
TR38917|c2_g1	 NA
TR38917|c4_g1	 PF00169.26,PH;PF00779.16,BTK;PF00168.27,C2;PF00168.27,C2;PF00616.16,RasGAP;PF00616.16,RasGAP
TR38917|c6_g1	 NA
TR38917|c6_g3	 NA
TR38917|c7_g1	 NA
TR38918|c11_g1	 NA
TR38918|c1_g1	 PF02535.19,Zip;PF02535.19,Zip
TR38918|c4_g1	 NA
TR38918|c5_g2	 NA
TR38918|c7_g1	 NA
TR38918|c7_g2	 PF03666.10,NPR3
TR38918|c8_g1	 NA
TR38919|c1_g1	 PF00069.22,Pkinase
TR38919|c1_g2	 PF00069.22,Pkinase
TR38919|c2_g1	 NA
TR38919|c2_g2	 NA
TR3891|c0_g1	 NA
TR3891|c0_g2	 NA
TR38920|c0_g1	 PF00078.24,RVT_1
TR38921|c0_g1	 NA
TR38921|c2_g1	 NA
TR38922|c0_g1	 NA
TR38922|c4_g1	 NA
TR38922|c4_g3	 NA
TR38923|c0_g1	 PF01344.22,Kelch_1
TR38923|c2_g1	 NA
TR38924|c0_g2	 NA
TR38924|c0_g3	 PF05622.9,HOOK
TR38925|c10_g2	 PF13365.3,Trypsin_2
TR38925|c10_g3	 NA
TR38925|c11_g2	 NA
TR38925|c11_g3	 PF00041.18,fn3
TR38925|c11_g4	 PF00041.18,fn3
TR38925|c6_g1	 NA
TR38925|c7_g1	 NA
TR38925|c8_g1	 NA
TR38926|c0_g1	 NA
TR38926|c0_g2	 NA
TR38927|c0_g1	 NA
TR38927|c4_g1	 PF00462.21,Glutaredoxin;PF07992.11,Pyr_redox_2;PF02852.19,Pyr_redox_dim
TR38927|c6_g1	 PF03221.13,HTH_Tnp_Tc5;PF03221.13,HTH_Tnp_Tc5;PF03221.13,HTH_Tnp_Tc5;PF03221.13,HTH_Tnp_Tc5
TR38927|c8_g1	 NA
TR38928|c0_g2	 PF13359.3,DDE_Tnp_4
TR38928|c1_g1	 NA
TR38928|c2_g1	 PF00387.16,PI-PLC-Y
TR38928|c3_g1	 PF05485.9,THAP;PF13613.3,HTH_Tnp_4
TR38928|c5_g1	 NA
TR38929|c0_g1	 NA
TR38929|c1_g1	 NA
TR38929|c1_g2	 NA
TR38929|c2_g1	 NA
TR3892|c1_g1	 NA
TR3892|c1_g2	 NA
TR3892|c1_g3	 NA
TR3892|c3_g1	 NA
TR38932|c1_g2	 NA
TR38932|c2_g1	 NA
TR38932|c4_g1	 NA
TR38932|c5_g1	 NA
TR38932|c5_g3	 NA
TR38932|c6_g1	 NA
TR38933|c1_g1	 NA
TR38933|c2_g1	 PF00047.22,ig
TR38933|c2_g3	 PF13927.3,Ig_3
TR38933|c4_g1	 PF00047.22,ig
TR38933|c9_g1	 NA
TR38934|c13_g1	 NA
TR38934|c14_g1	 NA
TR38934|c2_g1	 NA
TR38934|c3_g1	 NA
TR38934|c4_g3	 NA
TR38934|c6_g2	 PF02205.17,WH2
TR38934|c7_g2	 NA
TR38935|c0_g1	 NA
TR38935|c0_g2	 NA
TR38935|c1_g1	 NA
TR38935|c3_g3	 NA
TR38936|c3_g1	 PF00083.21,Sugar_tr
TR38936|c5_g1	 NA
TR38937|c1_g2	 NA
TR38937|c4_g1	 PF02383.15,Syja_N
TR38937|c5_g1	 PF12796.4,Ank_2
TR38938|c0_g1	 NA
TR38938|c1_g1	 NA
TR38938|c2_g1	 NA
TR38938|c4_g1	 NA
TR38938|c4_g2	 NA
TR38938|c5_g1	 NA
TR38939|c1_g1	 NA
TR38939|c3_g1	 PF02636.14,Methyltransf_28
TR38939|c8_g1	 NA
TR3893|c10_g1	 NA
TR3893|c1_g1	 NA
TR3893|c6_g2	 NA
TR3893|c8_g1	 NA
TR3893|c9_g1	 NA
TR38940|c0_g2	 NA
TR38940|c0_g3	 NA
TR38940|c2_g1	 NA
TR38941|c5_g1	 NA
TR38941|c7_g1	 PF00400.29,WD40
TR38941|c9_g1	 NA
TR38942|c0_g1	 NA
TR38942|c13_g1	 NA
TR38942|c14_g1	 NA
TR38942|c9_g1	 NA
TR38943|c6_g1	 PF00076.19,RRM_1;PF00076.19,RRM_1;PF00076.19,RRM_1;PF00076.19,RRM_1;PF01661.18,Macro;PF02825.17,WWE
TR38944|c0_g1	 NA
TR38944|c10_g2	 NA
TR38944|c3_g1	 NA
TR38944|c7_g1	 PF01008.14,IF-2B
TR38944|c7_g2	 PF01008.14,IF-2B
TR38944|c8_g2	 NA
TR38945|c1_g1	 PF01585.20,G-patch;PF01728.16,FtsJ
TR38945|c4_g1	 NA
TR38945|c5_g1	 PF00637.17,Clathrin;PF12451.5,VPS11_C
TR38945|c7_g2	 NA
TR38945|c7_g3	 NA
TR38945|c9_g1	 NA
TR38946|c10_g1	 NA
TR38946|c10_g2	 NA
TR38946|c10_g3	 NA
TR38946|c13_g2	 NA
TR38946|c14_g1	 NA
TR38946|c16_g3	 PF13516.3,LRR_6;PF13516.3,LRR_6
TR38946|c17_g1	 NA
TR38946|c1_g1	 NA
TR38946|c20_g1	 NA
TR38946|c25_g1	 NA
TR38946|c3_g1	 NA
TR38946|c4_g1	 NA
TR38947|c0_g3	 NA
TR38948|c4_g2	 NA
TR38948|c9_g1	 NA
TR38949|c10_g1	 NA
TR38949|c11_g1	 PF00270.26,DEAD;PF00271.28,Helicase_C;PF16124.2,RecQ_Zn_bind;PF09382.7,RQC
TR38949|c1_g2	 PF00400.29,WD40;PF00400.29,WD40;PF00400.29,WD40;PF00400.29,WD40;PF00400.29,WD40
TR38949|c2_g2	 NA
TR38949|c4_g1	 NA
TR38949|c7_g1	 NA
TR38949|c8_g3	 NA
TR38949|c8_g4	 NA
TR38949|c9_g1	 NA
TR3894|c0_g1	 PF14369.3,zinc_ribbon_9;PF13639.3,zf-RING_2
TR3894|c1_g1	 PF00397.23,WW;PF00612.24,IQ;PF00612.24,IQ;PF00612.24,IQ;PF00612.24,IQ;PF00616.16,RasGAP;PF03836.12,RasGAP_C;PF00130.19,C1_1;PF00168.27,C2;PF06292.14,DUF1041;PF10540.6,Membr_traf_MHD;PF00168.27,C2
TR3894|c1_g2	 NA
TR38950|c3_g1	 PF05729.9,NACHT
TR38950|c5_g1	 NA
TR38950|c6_g1	 NA
TR38951|c3_g1	 NA
TR38951|c5_g1	 PF00665.23,rve
TR38951|c5_g3	 NA
TR38952|c5_g1	 NA
TR38952|c5_g2	 PF00168.27,C2
TR38953|c5_g2	 NA
TR38953|c7_g1	 NA
TR38953|c9_g1	 PF13360.3,PQQ_2;PF00501.25,AMP-binding
TR38953|c9_g4	 PF00501.25,AMP-binding
TR38954|c1_g1	 NA
TR38954|c1_g2	 PF11919.5,DUF3437
TR38954|c1_g4	 PF16507.2,BLM10_mid
TR38955|c0_g2	 PF08648.9,DUF1777
TR38955|c2_g1	 NA
TR38956|c4_g1	 PF04719.11,TAFII28
TR38956|c5_g4	 PF02985.19,HEAT
TR38956|c6_g1	 PF05585.9,DUF1758
TR38956|c6_g2	 NA
TR38956|c6_g3	 NA
TR38956|c6_g5	 NA
TR38956|c7_g1	 PF00078.24,RVT_1;PF05380.10,Peptidase_A17
TR38957|c0_g1	 PF13527.4,Acetyltransf_9
TR38957|c0_g2	 NA
TR38957|c1_g3	 NA
TR38958|c1_g1	 PF00400.29,WD40;PF00400.29,WD40;PF00400.29,WD40;PF12894.4,ANAPC4_WD40
TR38958|c2_g1	 NA
TR38958|c2_g2	 NA
TR38958|c3_g1	 PF00078.24,RVT_1;PF00665.23,rve
TR38959|c1_g2	 PF13499.3,EF-hand_7;PF13202.3,EF-hand_5
TR38959|c2_g2	 NA
TR38959|c5_g1	 NA
TR3895|c0_g1	 NA
TR3895|c0_g2	 NA
TR3895|c1_g2	 PF12937.4,F-box-like
TR38960|c4_g1	 PF15865.2,Fanconi_A_N
TR38960|c4_g2	 NA
TR38961|c1_g2	 NA
TR38961|c2_g1	 PF05485.9,THAP
TR38961|c3_g1	 NA
TR38961|c4_g1	 NA
TR38961|c5_g2	 NA
TR38962|c0_g2	 PF00078.24,RVT_1;PF00665.23,rve
TR38962|c1_g1	 PF00098.20,zf-CCHC
TR38962|c3_g1	 NA
TR38963|c10_g1	 NA
TR38963|c11_g4	 PF05729.9,NACHT
TR38963|c6_g2	 PF05729.9,NACHT;PF09337.7,zf-H2C2;PF00665.23,rve
TR38964|c2_g1	 NA
TR38964|c2_g2	 PF00652.19,Ricin_B_lectin;PF00933.18,Glyco_hydro_3;PF01915.19,Glyco_hydro_3_C;PF14310.3,Fn3-like
TR38964|c3_g1	 PF08477.10,Roc;PF16095.2,COR;PF00069.22,Pkinase
TR38964|c3_g2	 PF13855.3,LRR_8;PF08477.10,Roc;PF16095.2,COR;PF00069.22,Pkinase
TR38964|c3_g4	 NA
TR38964|c4_g1	 PF00069.22,Pkinase
TR38964|c6_g1	 PF13855.3,LRR_8
TR38964|c8_g1	 NA
TR38965|c10_g1	 NA
TR38965|c11_g2	 NA
TR38965|c12_g2	 NA
TR38965|c13_g1	 NA
TR38965|c1_g2	 NA
TR38965|c4_g1	 NA
TR38966|c1_g2	 PF15901.2,Sortilin_C
TR38967|c11_g2	 NA
TR38967|c14_g1	 NA
TR38968|c0_g5	 NA
TR38969|c11_g1	 NA
TR38969|c12_g1	 NA
TR38969|c2_g2	 NA
TR38969|c4_g2	 PF01094.25,ANF_receptor
TR38969|c6_g1	 PF01094.25,ANF_receptor
TR3896|c10_g1	 NA
TR3896|c14_g1	 NA
TR3896|c1_g1	 NA
TR3896|c8_g1	 NA
TR38970|c14_g1	 NA
TR38970|c2_g1	 NA
TR38970|c6_g1	 PF01019.18,G_glu_transpept;PF01019.18,G_glu_transpept
TR38970|c7_g4	 PF00004.26,AAA;PF00004.26,AAA
TR38971|c6_g2	 NA
TR38971|c6_g3	 PF00664.20,ABC_membrane
TR38971|c6_g6	 NA
TR38971|c8_g1	 NA
TR38971|c9_g1	 PF00664.20,ABC_membrane
TR38972|c15_g1	 NA
TR38972|c1_g1	 NA
TR38972|c4_g2	 NA
TR38972|c5_g1	 NA
TR38972|c8_g1	 NA
TR38973|c0_g2	 NA
TR38975|c0_g2	 NA
TR38975|c2_g1	 NA
TR38975|c5_g1	 NA
TR38975|c8_g1	 NA
TR3897|c0_g1	 NA
TR3897|c0_g2	 PF00145.14,DNA_methylase
TR3897|c0_g3	 NA
TR3898|c1_g2	 NA
TR3899|c0_g5	 NA
TR3899|c0_g6	 NA
TR3899|c0_g8	 PF01363.18,FYVE
TR3900|c1_g2	 NA
TR3900|c4_g1	 PF00063.18,Myosin_head;PF00612.24,IQ;PF00612.24,IQ;PF00612.24,IQ;PF00612.24,IQ;PF01843.16,DIL
TR3901|c0_g1	 NA
TR3901|c14_g1	 NA
TR3901|c4_g1	 PF01351.15,RNase_HII
TR3901|c5_g1	 NA
TR3901|c5_g2	 NA
TR3901|c5_g4	 NA
TR3901|c6_g1	 NA
TR39029|c0_g1	 NA
TR3902|c3_g1	 PF00664.20,ABC_membrane;PF00005.24,ABC_tran;PF00664.20,ABC_membrane
TR3902|c3_g2	 NA
TR3902|c5_g1	 NA
TR3902|c6_g1	 NA
TR3902|c8_g1	 NA
TR3903|c3_g1	 NA
TR3903|c5_g2	 PF00069.22,Pkinase
TR3903|c6_g1	 PF00069.22,Pkinase
TR3903|c8_g1	 NA
TR3904|c11_g1	 NA
TR3904|c14_g1	 NA
TR3904|c3_g1	 NA
TR3904|c4_g1	 NA
TR3904|c5_g1	 NA
TR3904|c6_g1	 PF00531.19,Death;PF05729.9,NACHT
TR3904|c7_g4	 PF00653.18,BIR;PF00653.18,BIR
TR39053|c0_g2	 NA
TR3905|c0_g1	 NA
TR3905|c0_g2	 NA
TR3905|c1_g4	 NA
TR3905|c3_g1	 NA
TR39061|c0_g2	 NA
TR39062|c0_g2	 NA
TR39071|c0_g1	 PF02574.13,S-methyl_trans
TR39079|c0_g1	 NA
TR3907|c0_g2	 NA
TR39081|c0_g1	 PF00773.16,RNB
TR3908|c0_g2	 PF05970.11,PIF1
TR3908|c0_g3	 PF05970.11,PIF1
TR3908|c1_g2	 PF05970.11,PIF1
TR39096|c0_g1	 PF00394.19,Cu-oxidase;PF07731.11,Cu-oxidase_2
TR39097|c0_g1	 NA
TR39098|c0_g1	 PF01595.17,DUF21;PF00571.25,CBS
TR39099|c0_g1	 PF05679.13,CHGN
TR39099|c0_g2	 PF02434.13,Fringe;PF05679.13,CHGN
TR39099|c1_g1	 NA
TR3909|c2_g1	 NA
TR3909|c4_g1	 NA
TR3909|c4_g2	 NA
TR3909|c4_g3	 NA
TR3909|c5_g1	 PF00160.18,Pro_isomerase;PF09379.7,FERM_N;PF00373.15,FERM_M;PF09380.7,FERM_C;PF08736.8,FA;PF00595.21,PDZ;PF00102.24,Y_phosphatase
TR3909|c5_g3	 PF14988.3,DUF4515
TR39101|c0_g1	 PF13086.3,AAA_11;PF13087.3,AAA_12
TR39101|c1_g1	 PF13086.3,AAA_11
TR3910|c16_g1	 NA
TR3910|c17_g1	 NA
TR3910|c3_g2	 NA
TR3910|c5_g1	 PF10433.6,MMS1_N;PF03178.12,CPSF_A
TR3910|c5_g2	 NA
TR3910|c6_g1	 PF00067.19,p450
TR3911|c0_g2	 NA
TR3912|c0_g3	 NA
TR3912|c2_g1	 PF00884.20,Sulfatase
TR3912|c2_g2	 PF00884.20,Sulfatase
TR39130|c0_g1	 NA
TR39134|c0_g1	 PF00069.22,Pkinase
TR3913|c12_g1	 NA
TR3913|c4_g1	 NA
TR3913|c5_g1	 PF00078.24,RVT_1
TR3913|c6_g2	 PF00858.21,ASC
TR3913|c7_g1	 PF00858.21,ASC
TR3914|c0_g1	 NA
TR3914|c1_g1	 NA
TR3914|c1_g2	 NA
TR3914|c2_g1	 NA
TR3914|c3_g1	 PF13920.3,zf-C3HC4_3
TR3914|c6_g1	 PF02176.15,zf-TRAF
TR39152|c0_g1	 NA
TR39157|c0_g1	 NA
TR39164|c0_g1	 PF00531.19,Death
TR3916|c12_g1	 NA
TR3916|c5_g1	 NA
TR3916|c8_g1	 NA
TR3917|c0_g1	 NA
TR3917|c12_g1	 NA
TR3917|c4_g2	 NA
TR3917|c6_g1	 NA
TR39182|c0_g1	 NA
TR3918|c2_g1	 NA
TR3918|c4_g1	 NA
TR3918|c5_g1	 PF16095.2,COR
TR3920|c1_g1	 PF00028.14,Cadherin;PF00028.14,Cadherin
TR3920|c2_g1	 PF00028.14,Cadherin;PF00028.14,Cadherin;PF00028.14,Cadherin;PF00028.14,Cadherin
TR3920|c4_g1	 NA
TR3920|c4_g5	 PF00028.14,Cadherin;PF00028.14,Cadherin;PF00028.14,Cadherin;PF00028.14,Cadherin;PF00028.14,Cadherin;PF00028.14,Cadherin;PF00028.14,Cadherin
TR3920|c5_g1	 PF00028.14,Cadherin;PF00028.14,Cadherin
TR3921|c12_g1	 NA
TR3921|c16_g1	 NA
TR3921|c2_g1	 NA
TR3921|c2_g2	 NA
TR3921|c5_g1	 NA
TR3921|c5_g2	 NA
TR3921|c6_g1	 NA
TR3921|c7_g1	 NA
TR3921|c7_g2	 NA
TR3921|c7_g3	 NA
TR39222|c0_g2	 NA
TR39227|c0_g1	 NA
TR3922|c1_g1	 NA
TR3922|c1_g2	 NA
TR3922|c3_g1	 NA
TR3922|c4_g2	 NA
TR3922|c4_g5	 NA
TR3922|c8_g1	 NA
TR3923|c0_g1	 PF00536.27,SAM_1
TR3923|c0_g2	 NA
TR3923|c0_g3	 PF12796.4,Ank_2;PF12796.4,Ank_2;PF12796.4,Ank_2;PF12796.4,Ank_2;PF12796.4,Ank_2;PF12796.4,Ank_2;PF12796.4,Ank_2;PF12796.4,Ank_2;PF12796.4,Ank_2;PF13637.3,Ank_4
TR3923|c0_g4	 NA
TR3924|c0_g1	 PF10218.6,DUF2054
TR3924|c3_g1	 PF08357.8,SEFIR;PF00531.19,Death
TR3924|c5_g1	 PF13843.3,DDE_Tnp_1_7
TR3924|c6_g1	 PF02784.13,Orn_Arg_deC_N;PF00278.19,Orn_DAP_Arg_deC
TR3924|c6_g2	 NA
TR3924|c6_g3	 PF02784.13,Orn_Arg_deC_N
TR3924|c6_g4	 NA
TR39252|c0_g1	 NA
TR3925|c1_g1	 NA
TR3925|c2_g2	 NA
TR3925|c5_g1	 PF00240.20,ubiquitin;PF00240.20,ubiquitin;PF00240.20,ubiquitin
TR3925|c7_g1	 PF00240.20,ubiquitin;PF00240.20,ubiquitin;PF00240.20,ubiquitin
TR3925|c7_g2	 PF00240.20,ubiquitin;PF00240.20,ubiquitin
TR39265|c0_g1	 PF00179.23,UQ_con
TR39268|c0_g1	 PF00012.17,HSP70
TR3926|c2_g2	 PF00080.17,Sod_Cu;PF00080.17,Sod_Cu
TR3926|c2_g3	 PF13600.3,DUF4140;PF13598.3,DUF4139
TR39279|c0_g1	 PF02892.12,zf-BED
TR3927|c2_g1	 NA
TR3927|c8_g2	 NA
TR3928|c11_g1	 PF12017.5,Tnp_P_element
TR3928|c13_g1	 NA
TR3928|c13_g2	 NA
TR3928|c16_g1	 NA
TR3928|c1_g1	 NA
TR3928|c22_g1	 NA
TR3928|c3_g1	 NA
TR39295|c0_g1	 NA
TR39296|c0_g1	 PF00188.23,CAP;PF00188.23,CAP
TR3929|c13_g1	 NA
TR3929|c1_g2	 NA
TR3929|c2_g1	 PF00782.17,DSPc;PF00782.17,DSPc
TR3929|c4_g3	 PF14752.3,RBP_receptor
TR3929|c4_g4	 PF14752.3,RBP_receptor
TR3929|c5_g3	 NA
TR3929|c9_g1	 NA
TR39308|c0_g1	 PF13417.3,GST_N_3;PF14497.3,GST_C_3
TR3930|c2_g1	 PF08696.8,Dna2
TR3930|c2_g2	 NA
TR39318|c0_g1	 PF13359.3,DDE_Tnp_4
TR3931|c5_g1	 PF00168.27,C2
TR39328|c0_g1	 PF12902.4,Ferritin-like
TR3932|c11_g1	 NA
TR3932|c3_g1	 NA
TR3932|c4_g2	 NA
TR3932|c9_g2	 NA
TR3933|c0_g1	 NA
TR3933|c1_g1	 NA
TR3933|c5_g1	 NA
TR3933|c6_g2	 NA
TR3933|c7_g1	 NA
TR39344|c0_g1	 NA
TR39348|c0_g1	 NA
TR39349|c0_g2	 PF00071.19,Ras
TR39349|c1_g1	 NA
TR3934|c1_g1	 NA
TR3934|c4_g1	 NA
TR3934|c4_g3	 NA
TR3934|c5_g1	 PF07679.13,I-set;PF00041.18,fn3;PF00041.18,fn3
TR3934|c5_g2	 NA
TR39350|c0_g1	 NA
TR39354|c0_g1	 NA
TR39356|c0_g1	 PF00621.17,RhoGEF;PF16453.2,IQ_SEC7_PH;PF01363.18,FYVE;PF00169.26,PH
TR3935|c2_g1	 NA
TR3935|c3_g1	 PF00041.18,fn3
TR3935|c5_g1	 NA
TR39367|c1_g1	 NA
TR3936|c1_g1	 PF04851.12,ResIII
TR3936|c2_g1	 NA
TR3936|c3_g1	 NA
TR39372|c0_g1	 PF00176.20,SNF2_N
TR39373|c1_g1	 NA
TR39374|c2_g1	 NA
TR39375|c1_g1	 PF03259.14,Robl_LC7
TR39379|c0_g1	 PF02319.17,E2F_TDP;PF08781.7,DP
TR3937|c5_g1	 NA
TR3937|c8_g1	 NA
TR3938|c1_g1	 NA
TR3938|c2_g3	 NA
TR3938|c3_g1	 NA
TR3938|c4_g3	 NA
TR3938|c5_g1	 PF08442.7,ATP-grasp_2;PF16114.2,Citrate_bind
TR3938|c5_g3	 NA
TR3938|c5_g6	 NA
TR39393|c0_g1	 PF00153.24,Mito_carr;PF00153.24,Mito_carr;PF00153.24,Mito_carr
TR3939|c4_g1	 NA
TR3939|c5_g1	 NA
TR3939|c6_g1	 PF12341.5,Mcl1_mid
TR3939|c6_g2	 NA
TR3939|c6_g3	 PF00400.29,WD40;PF12894.4,ANAPC4_WD40;PF12341.5,Mcl1_mid
TR3939|c6_g4	 PF00400.29,WD40;PF12894.4,ANAPC4_WD40;PF12341.5,Mcl1_mid
TR39404|c0_g2	 PF07527.10,Hairy_orange
TR39406|c0_g1	 PF14372.3,DUF4413;PF05699.11,Dimer_Tnp_hAT
TR39409|c0_g1	 NA
TR3940|c15_g1	 NA
TR3940|c3_g1	 NA
TR3940|c6_g1	 NA
TR3940|c6_g2	 NA
TR39410|c0_g1	 NA
TR39412|c0_g1	 PF14604.3,SH3_9
TR39413|c0_g1	 NA
TR39416|c0_g1	 PF13481.3,AAA_25
TR39418|c0_g1	 NA
TR39418|c1_g1	 PF00665.23,rve
TR3941|c10_g1	 NA
TR3941|c12_g1	 NA
TR3941|c16_g1	 NA
TR3941|c2_g1	 NA
TR3941|c4_g2	 PF00632.22,HECT
TR3941|c5_g1	 NA
TR3941|c5_g2	 NA
TR3941|c8_g1	 NA
TR3941|c9_g1	 NA
TR39424|c0_g1	 NA
TR39428|c1_g1	 NA
TR3942|c0_g1	 NA
TR3942|c1_g1	 NA
TR3942|c3_g1	 NA
TR3942|c5_g2	 NA
TR3942|c6_g1	 NA
TR3942|c6_g4	 NA
TR39433|c1_g1	 PF00385.21,Chromo;PF01393.16,Chromo_shadow
TR39433|c2_g1	 NA
TR3943|c1_g2	 NA
TR3943|c4_g1	 NA
TR39447|c0_g1	 NA
TR3944|c3_g1	 PF03372.20,Exo_endo_phos
TR3944|c4_g1	 PF09588.7,YqaJ
TR3944|c7_g1	 NA
TR39453|c0_g1	 NA
TR39459|c0_g1	 PF12456.5,hSac2
TR39459|c0_g2	 PF12456.5,hSac2
TR3945|c0_g1	 NA
TR3945|c0_g2	 NA
TR3945|c10_g1	 NA
TR3945|c11_g2	 NA
TR3945|c11_g3	 PF04811.12,Sec23_trunk;PF08033.9,Sec23_BS;PF04815.12,Sec23_helical;PF00626.19,Gelsolin
TR3945|c16_g1	 NA
TR3945|c1_g1	 NA
TR3945|c21_g1	 NA
TR3945|c4_g1	 NA
TR39463|c0_g1	 PF04321.14,RmlD_sub_bind
TR39466|c0_g1	 NA
TR3946|c1_g3	 PF00008.24,EGF;PF00054.20,Laminin_G_1;PF02210.21,Laminin_G_2
TR3946|c1_g4	 PF00008.24,EGF;PF00008.24,EGF
TR3946|c1_g5	 PF00028.14,Cadherin
TR3947|c1_g1	 PF08788.8,NHR2;PF01753.15,zf-MYND
TR3947|c1_g2	 PF07531.11,TAFH
TR3947|c2_g2	 NA
TR3947|c2_g3	 PF05185.13,PRMT5
TR3947|c3_g1	 NA
TR3947|c3_g5	 NA
TR3947|c4_g1	 NA
TR3948|c4_g1	 PF00531.19,Death;PF00531.19,Death
TR3948|c5_g1	 NA
TR3948|c5_g3	 PF11894.5,Nup192
TR39491|c0_g1	 PF00078.24,RVT_1
TR39494|c0_g1	 NA
TR39494|c0_g2	 PF00957.18,Synaptobrevin
TR39499|c1_g1	 NA
TR3949|c11_g1	 NA
TR3949|c19_g1	 NA
TR3949|c2_g1	 NA
TR3949|c9_g1	 PF13908.3,Shisa;PF12877.4,DUF3827
TR39508|c0_g1	 PF00012.17,HSP70
TR39509|c1_g1	 PF00005.24,ABC_tran;PF00005.24,ABC_tran
TR3950|c2_g1	 NA
TR3950|c3_g1	 NA
TR3950|c3_g2	 NA
TR3950|c5_g4	 PF05184.12,SapB_1;PF00149.25,Metallophos
TR3950|c6_g1	 NA
TR39512|c0_g2	 PF01016.16,Ribosomal_L27
TR39512|c1_g1	 NA
TR3951|c0_g2	 NA
TR3951|c1_g1	 PF01368.17,DHH;PF02833.11,DHHA2;PF12496.5,BNIP2;PF13716.3,CRAL_TRIO_2
TR3951|c2_g1	 PF00330.17,Aconitase;PF00330.17,Aconitase;PF00694.16,Aconitase_C
TR3951|c4_g1	 NA
TR39520|c1_g1	 NA
TR39523|c0_g1	 NA
TR39525|c0_g1	 NA
TR39527|c0_g1	 NA
TR3952|c0_g1	 PF00168.27,C2
TR3952|c1_g2	 PF00168.27,C2;PF07002.13,Copine
TR39532|c0_g1	 PF00530.15,SRCR;PF00530.15,SRCR
TR39536|c0_g1	 NA
TR3953|c0_g1	 PF15077.3,DUF4544
TR3953|c1_g2	 NA
TR3953|c2_g2	 NA
TR3953|c3_g1	 NA
TR39546|c0_g1	 PF00955.18,HCO3_cotransp
TR3954|c10_g1	 NA
TR3954|c13_g1	 NA
TR3954|c6_g1	 NA
TR3954|c7_g1	 NA
TR3954|c8_g2	 NA
TR39559|c0_g1	 NA
TR3955|c3_g2	 NA
TR3955|c3_g3	 NA
TR3955|c4_g3	 NA
TR3955|c4_g6	 NA
TR3955|c7_g1	 NA
TR3956|c8_g1	 NA
TR3957|c2_g1	 NA
TR3957|c4_g1	 NA
TR3957|c8_g1	 NA
TR3958|c3_g1	 NA
TR3959|c0_g1	 NA
TR3959|c6_g1	 NA
TR3959|c8_g1	 PF01546.25,Peptidase_M20;PF07687.11,M20_dimer
TR395|c0_g1	 PF02493.17,MORN;PF02493.17,MORN;PF02493.17,MORN;PF02493.17,MORN
TR3960|c0_g1	 PF00133.19,tRNA-synt_1
TR3961|c0_g2	 PF00270.26,DEAD;PF00271.28,Helicase_C
TR3961|c10_g1	 NA
TR3961|c13_g1	 NA
TR3961|c4_g1	 NA
TR3961|c8_g1	 NA
TR3962|c0_g1	 NA
TR3963|c2_g2	 NA
TR3963|c4_g1	 NA
TR3964|c0_g1	 PF00076.19,RRM_1;PF00076.19,RRM_1;PF05391.8,Lsm_interact
TR3964|c0_g2	 NA
TR3971|c1_g1	 NA
TR4023|c1_g1	 NA
TR4029|c0_g1	 PF05757.8,PsbQ
TR4040|c0_g1	 NA
TR4043|c0_g1	 PF00069.22,Pkinase
TR4062|c0_g1	 NA
TR4067|c0_g1	 NA
TR4098|c0_g1	 PF01287.17,eIF-5a
TR4109|c0_g1	 NA
TR4117|c0_g1	 NA
TR4132|c0_g1	 PF11538.5,Snurportin1
TR4135|c0_g1	 NA
TR4155|c0_g1	 NA
TR4165|c1_g1	 NA
TR4169|c1_g1	 NA
TR4175|c0_g1	 PF03099.16,BPL_LplA_LipB;PF02237.14,BPL_C
TR4178|c1_g1	 NA
TR4181|c0_g1	 PF01247.15,Ribosomal_L35Ae
TR4186|c0_g1	 PF00581.17,Rhodanese
TR4188|c0_g1	 NA
TR4200|c0_g1	 PF01058.19,Oxidored_q6
TR4209|c0_g1	 PF11261.5,IRF-2BP1_2
TR4219|c0_g1	 NA
TR4223|c0_g1	 NA
TR423|c0_g1	 NA
TR4248|c0_g1	 PF00079.17,Serpin
TR4255|c0_g1	 PF05648.11,PEX11
TR4270|c1_g1	 NA
TR4288|c0_g1	 NA
TR4296|c1_g1	 NA
TR4335|c1_g1	 NA
TR4338|c0_g1	 PF00179.23,UQ_con
TR4343|c0_g1	 PF00270.26,DEAD;PF00271.28,Helicase_C;PF11648.5,RIG-I_C-RD
TR4389|c0_g1	 NA
TR4396|c0_g1	 PF00085.17,Thioredoxin;PF13848.3,Thioredoxin_6;PF00085.17,Thioredoxin
TR4397|c0_g1	 NA
TR4408|c0_g1	 NA
TR4409|c0_g1	 NA
TR4414|c0_g1	 PF00090.16,TSP_1
TR4421|c0_g1	 NA
TR444|c0_g1	 NA
TR4450|c0_g1	 NA
TR4527|c0_g1	 NA
TR4539|c1_g1	 NA
TR4556|c0_g1	 PF00121.15,TIM
TR4558|c0_g1	 NA
TR45|c0_g1	 NA
TR4617|c0_g1	 NA
TR4628|c0_g1	 NA
TR4631|c0_g1	 NA
TR4648|c0_g1	 NA
TR4713|c0_g1	 NA
TR4789|c0_g1	 PF01230.20,HIT
TR4805|c0_g1	 NA
TR4829|c0_g1	 PF00504.18,Chloroa_b-bind
TR4880|c0_g1	 PF00076.19,RRM_1
TR48|c0_g1	 PF02896.15,PEP-utilizers_C
TR4913|c0_g1	 NA
TR4926|c0_g1	 NA
TR4929|c0_g1	 NA
TR4930|c0_g1	 NA
TR4950|c0_g1	 NA
TR4967|c0_g1	 NA
TR4991|c1_g1	 NA
TR5009|c0_g1	 NA
TR5019|c10_g1	 NA
TR5019|c12_g2	 NA
TR5019|c14_g1	 NA
TR5019|c15_g1	 NA
TR5019|c5_g1	 NA
TR5019|c6_g2	 NA
TR5019|c6_g3	 NA
TR5019|c8_g1	 NA
TR5019|c9_g1	 NA
TR5020|c12_g1	 NA
TR5020|c24_g1	 NA
TR5020|c3_g1	 NA
TR5020|c7_g2	 PF04146.12,YTH
TR5021|c0_g1	 PF13920.3,zf-C3HC4_3
TR5022|c1_g2	 PF00004.26,AAA
TR5023|c0_g1	 PF13621.3,Cupin_8
TR5025|c0_g1	 NA
TR5025|c2_g1	 NA
TR5026|c1_g1	 NA
TR5026|c6_g1	 NA
TR5027|c0_g1	 NA
TR5027|c0_g2	 NA
TR5027|c1_g2	 PF00096.23,zf-C2H2;PF00096.23,zf-C2H2;PF00096.23,zf-C2H2;PF00096.23,zf-C2H2;PF00096.23,zf-C2H2
TR5027|c4_g1	 NA
TR5027|c4_g2	 NA
TR5030|c0_g1	 PF04178.9,Got1
TR5030|c11_g1	 NA
TR5030|c25_g1	 NA
TR5031|c1_g1	 PF13639.3,zf-RING_2
TR5032|c0_g1	 NA
TR5032|c0_g2	 NA
TR5032|c1_g1	 PF00415.15,RCC1;PF00415.15,RCC1;PF00415.15,RCC1;PF00415.15,RCC1
TR5032|c2_g3	 PF14934.3,DUF4499
TR5033|c0_g4	 PF12234.5,Rav1p_C;PF12234.5,Rav1p_C
TR5035|c1_g1	 PF00090.16,TSP_1
TR5035|c3_g2	 PF00090.16,TSP_1;PF00090.16,TSP_1;PF00090.16,TSP_1;PF00090.16,TSP_1;PF00090.16,TSP_1
TR5036|c0_g2	 NA
TR5036|c6_g1	 NA
TR5036|c9_g1	 NA
TR5038|c2_g1	 NA
TR5039|c11_g4	 NA
TR5039|c13_g1	 NA
TR5039|c9_g1	 NA
TR5041|c12_g1	 NA
TR5041|c17_g1	 NA
TR5041|c19_g1	 NA
TR5041|c1_g2	 NA
TR5041|c2_g1	 NA
TR5041|c5_g3	 NA
TR5041|c6_g1	 NA
TR5041|c7_g1	 PF08245.9,Mur_ligase_M
TR5042|c0_g1	 PF01592.13,NifU_N
TR5042|c1_g1	 PF00400.29,WD40;PF00400.29,WD40;PF00400.29,WD40;PF00400.29,WD40;PF00400.29,WD40
TR5043|c11_g1	 PF09588.7,YqaJ
TR5043|c13_g1	 NA
TR5043|c1_g1	 NA
TR5043|c2_g2	 NA
TR5043|c4_g2	 NA
TR5043|c8_g1	 NA
TR5043|c9_g1	 NA
TR5045|c0_g2	 NA
TR5045|c2_g1	 NA
TR5047|c14_g1	 NA
TR5047|c20_g1	 NA
TR5047|c5_g1	 NA
TR5047|c5_g3	 NA
TR5047|c7_g1	 PF04130.10,Spc97_Spc98
TR5047|c8_g1	 NA
TR5048|c4_g1	 NA
TR5048|c5_g2	 NA
TR5048|c7_g1	 NA
TR5049|c1_g1	 NA
TR5049|c3_g1	 NA
TR5049|c4_g1	 NA
TR5049|c5_g1	 PF00583.22,Acetyltransf_1
TR5049|c6_g1	 NA
TR5049|c8_g2	 PF00028.14,Cadherin;PF00028.14,Cadherin;PF00028.14,Cadherin;PF00028.14,Cadherin;PF00028.14,Cadherin;PF00013.26,KH_1
TR5050|c0_g1	 NA
TR5050|c0_g2	 PF00787.21,PX;PF14580.3,LRR_9
TR5051|c0_g1	 PF02146.14,SIR2
TR5051|c1_g1	 PF00928.18,Adap_comp_sub
TR5052|c0_g1	 NA
TR5053|c1_g1	 NA
TR5053|c1_g2	 NA
TR5053|c2_g1	 NA
TR5053|c3_g1	 NA
TR5053|c3_g2	 NA
TR5053|c4_g3	 NA
TR5054|c0_g1	 NA
TR5054|c13_g1	 NA
TR5054|c1_g1	 NA
TR5054|c2_g2	 NA
TR5055|c0_g2	 NA
TR5056|c0_g1	 NA
TR5056|c0_g3	 NA
TR5059|c0_g1	 NA
TR5059|c0_g2	 NA
TR5059|c1_g3	 PF16095.2,COR
TR5059|c3_g1	 NA
TR5059|c4_g1	 NA
TR5059|c7_g1	 NA
TR5060|c1_g1	 PF04547.9,Anoctamin
TR5060|c4_g1	 NA
TR5060|c5_g2	 PF04547.9,Anoctamin
TR5060|c5_g3	 PF04547.9,Anoctamin
TR5060|c6_g3	 NA
TR5060|c6_g5	 NA
TR5060|c8_g1	 NA
TR5062|c11_g1	 NA
TR5062|c6_g1	 NA
TR5062|c8_g2	 NA
TR5062|c9_g1	 NA
TR5062|c9_g2	 NA
TR5063|c0_g1	 NA
TR5063|c1_g1	 PF13927.3,Ig_3;PF13927.3,Ig_3;PF13927.3,Ig_3
TR5064|c0_g1	 NA
TR5064|c11_g1	 NA
TR5064|c12_g1	 NA
TR5064|c13_g1	 PF02535.19,Zip
TR5064|c16_g1	 NA
TR5064|c8_g2	 NA
TR5065|c1_g1	 NA
TR5065|c3_g1	 NA
TR5066|c0_g1	 PF00328.19,His_Phos_2;PF00328.19,His_Phos_2
TR5068|c1_g1	 NA
TR5068|c1_g2	 NA
TR5069|c3_g1	 PF00092.25,VWA
TR5070|c1_g2	 NA
TR5072|c0_g2	 PF00889.16,EF_TS
TR5072|c0_g3	 NA
TR5074|c0_g1	 NA
TR5074|c3_g1	 NA
TR5075|c0_g1	 PF00619.18,CARD;PF00169.26,PH
TR5078|c0_g1	 PF00920.18,ILVD_EDD
TR5078|c0_g2	 PF00920.18,ILVD_EDD
TR5078|c2_g1	 NA
TR5079|c1_g1	 PF00022.16,Actin
TR5080|c0_g1	 NA
TR5080|c2_g1	 NA
TR5080|c4_g1	 NA
TR5080|c4_g2	 NA
TR5080|c5_g1	 NA
TR5080|c5_g3	 NA
TR5080|c5_g5	 NA
TR5080|c6_g1	 NA
TR5082|c0_g1	 PF00566.15,RabGAP-TBC;PF00581.17,Rhodanese
TR5082|c0_g2	 PF00069.22,Pkinase;PF00566.15,RabGAP-TBC;PF00581.17,Rhodanese
TR5083|c0_g1	 NA
TR5083|c1_g1	 PF00364.19,Biotin_lipoyl;PF02817.14,E3_binding;PF00198.20,2-oxoacid_dh
TR5084|c1_g1	 NA
TR5084|c3_g1	 PF16212.2,PhoLip_ATPase_C;PF16209.2,PhoLip_ATPase_N;PF13246.3,Cation_ATPase
TR5084|c3_g3	 NA
TR5084|c4_g3	 NA
TR5085|c1_g2	 PF16899.2,Cyclin_C_2
TR5086|c0_g1	 PF00110.16,wnt;PF00004.26,AAA
TR5087|c0_g1	 NA
TR5088|c2_g1	 PF05495.9,zf-CHY;PF13639.3,zf-RING_2;PF14599.3,zinc_ribbon_6
TR5089|c2_g1	 PF00067.19,p450
TR5089|c3_g1	 PF00067.19,p450
TR5090|c2_g2	 NA
TR5090|c3_g1	 NA
TR5090|c4_g1	 PF00505.16,HMG_box
TR5090|c5_g1	 NA
TR5091|c1_g1	 PF10453.6,NUFIP1
TR5091|c2_g1	 PF12796.4,Ank_2
TR5091|c3_g1	 NA
TR5091|c3_g2	 PF00082.19,Peptidase_S8
TR5091|c3_g3	 NA
TR5092|c0_g1	 NA
TR5094|c3_g1	 NA
TR5095|c0_g1	 PF13385.3,Laminin_G_3;PF07645.12,EGF_CA;PF07645.12,EGF_CA;PF07645.12,EGF_CA;PF07645.12,EGF_CA
TR5095|c1_g1	 NA
TR5096|c5_g2	 PF00012.17,HSP70
TR5097|c0_g2	 PF13895.3,Ig_2;PF07699.10,Ephrin_rec_like;PF07699.10,Ephrin_rec_like;PF00089.23,Trypsin
TR5097|c1_g1	 NA
TR5098|c0_g2	 NA
TR5100|c1_g2	 NA
TR5101|c10_g1	 NA
TR5101|c10_g2	 NA
TR5101|c16_g1	 NA
TR5101|c4_g1	 NA
TR5101|c4_g2	 NA
TR5101|c6_g1	 NA
TR5101|c7_g1	 NA
TR5101|c8_g1	 NA
TR5102|c1_g1	 PF00755.17,Carn_acyltransf
TR5102|c1_g2	 PF00755.17,Carn_acyltransf;PF00755.17,Carn_acyltransf
TR5102|c5_g1	 NA
TR5102|c5_g2	 PF05018.10,DUF667
TR5102|c7_g1	 PF04142.12,Nuc_sug_transp
TR5103|c0_g1	 PF00995.20,Sec1
TR5104|c0_g1	 PF14555.3,UBA_4;PF00789.17,UBX;PF00622.25,SPRY
TR5105|c0_g1	 NA
TR5106|c0_g1	 NA
TR5107|c0_g4	 NA
TR5107|c0_g5	 NA
TR5109|c3_g1	 PF13927.3,Ig_3;PF13927.3,Ig_3
TR5109|c3_g2	 NA
TR5110|c2_g2	 NA
TR5111|c4_g1	 NA
TR5111|c5_g1	 NA
TR5111|c7_g1	 NA
TR5111|c8_g1	 NA
TR5112|c0_g1	 PF05786.11,Cnd2
TR5113|c2_g1	 NA
TR5114|c0_g1	 NA
TR5114|c0_g2	 NA
TR5116|c0_g2	 PF00035.23,dsrm;PF00035.23,dsrm
TR5116|c0_g3	 PF00035.23,dsrm
TR5117|c3_g1	 PF01336.22,tRNA_anti-codon;PF00152.17,tRNA-synt_2;PF00152.17,tRNA-synt_2
TR5117|c5_g1	 NA
TR5117|c5_g4	 PF12722.4,Hid1
TR5117|c9_g1	 NA
TR5149|c0_g1	 NA
TR5193|c0_g1	 NA
TR5208|c0_g1	 NA
TR5210|c0_g1	 NA
TR5214|c0_g1	 PF00237.16,Ribosomal_L22
TR5236|c0_g1	 NA
TR5263|c0_g1	 NA
TR5265|c0_g1	 NA
TR5272|c0_g1	 NA
TR5300|c0_g1	 PF01302.22,CAP_GLY
TR5304|c0_g1	 NA
TR5311|c1_g1	 NA
TR5312|c0_g1	 PF00052.15,Laminin_B
TR5313|c0_g1	 NA
TR5316|c0_g1	 NA
TR5319|c1_g1	 NA
TR5324|c0_g1	 NA
TR5331|c0_g1	 PF00932.16,LTD
TR5337|c0_g2	 PF00782.17,DSPc
TR5338|c0_g1	 NA
TR5339|c1_g1	 PF13516.3,LRR_6;PF13516.3,LRR_6;PF13516.3,LRR_6
TR5341|c0_g2	 PF08241.9,Methyltransf_11
TR5343|c0_g1	 NA
TR5346|c0_g1	 NA
TR5353|c0_g1	 NA
TR5358|c1_g1	 NA
TR5359|c0_g1	 PF13927.3,Ig_3;PF01582.17,TIR
TR5359|c0_g2	 PF13927.3,Ig_3
TR5363|c0_g1	 PF08241.9,Methyltransf_11
TR5364|c0_g1	 PF00531.19,Death
TR5365|c1_g1	 PF10197.6,Cir_N
TR5365|c2_g1	 NA
TR5368|c1_g2	 NA
TR536|c0_g1	 PF00833.15,Ribosomal_S17e
TR5377|c0_g1	 PF00171.19,Aldedh
TR5377|c1_g1	 NA
TR5381|c0_g1	 PF17177.1,PPR_long;PF13041.3,PPR_2
TR5381|c0_g2	 NA
TR5383|c0_g2	 NA
TR5389|c1_g2	 NA
TR5390|c0_g1	 NA
TR5421|c0_g1	 NA
TR5430|c0_g1	 NA
TR5447|c0_g1	 NA
TR5451|c1_g1	 NA
TR5457|c0_g1	 NA
TR5459|c0_g1	 PF00400.29,WD40
TR5478|c0_g1	 NA
TR5481|c0_g1	 NA
TR5490|c0_g2	 PF00400.29,WD40;PF00400.29,WD40;PF00400.29,WD40;PF00400.29,WD40
TR5492|c0_g1	 PF05699.11,Dimer_Tnp_hAT
TR5514|c3_g1	 NA
TR5517|c0_g1	 NA
TR5524|c0_g1	 NA
TR5532|c0_g2	 NA
TR5533|c0_g1	 PF01284.20,MARVEL
TR5538|c3_g1	 NA
TR5548|c0_g1	 NA
TR5553|c0_g1	 NA
TR5554|c0_g1	 PF03372.20,Exo_endo_phos
TR5564|c0_g1	 NA
TR5568|c1_g1	 PF07035.9,Mic1;PF08071.9,RS4NT;PF01479.22,S4;PF00900.17,Ribosomal_S4e;PF16121.2,40S_S4_C
TR5586|c0_g1	 PF07714.14,Pkinase_Tyr
TR55|c0_g1	 PF12796.4,Ank_2;PF13857.3,Ank_5
TR5601|c0_g1	 PF08212.9,Lipocalin_2
TR5620|c0_g1	 NA
TR5682|c0_g1	 NA
TR5704|c0_g1	 NA
TR571|c1_g1	 NA
TR572|c0_g1	 PF01335.18,DED;PF00656.19,Peptidase_C14
TR572|c0_g2	 PF01335.18,DED
TR573|c0_g1	 PF02186.12,TFIIE_beta
TR573|c2_g1	 NA
TR575|c3_g1	 NA
TR575|c4_g1	 NA
TR575|c5_g1	 NA
TR577|c1_g1	 PF01873.14,eIF-5_eIF-2B;PF02020.15,W2
TR579|c0_g1	 PF02338.16,OTU
TR579|c0_g2	 PF01754.13,zf-A20
TR5802|c0_g1	 NA
TR581|c0_g1	 NA
TR5820|c1_g1	 PF10523.6,BEN
TR5825|c1_g1	 NA
TR583|c1_g1	 NA
TR5853|c0_g1	 PF00041.18,fn3
TR585|c0_g1	 NA
TR5867|c0_g1	 NA
TR5869|c2_g1	 NA
TR586|c1_g3	 NA
TR5870|c0_g1	 NA
TR5879|c0_g1	 NA
TR587|c0_g2	 NA
TR5882|c0_g1	 NA
TR5882|c0_g3	 NA
TR5886|c0_g1	 NA
TR5887|c0_g1	 PF05729.9,NACHT
TR5896|c0_g1	 NA
TR5899|c0_g1	 PF00536.27,SAM_1;PF07647.14,SAM_2
TR589|c0_g1	 PF16040.2,DUF4792;PF16041.2,DUF4793
TR589|c0_g2	 PF16040.2,DUF4792;PF16041.2,DUF4793
TR5900|c0_g2	 PF12146.5,Hydrolase_4
TR590|c0_g1	 PF01490.15,Aa_trans
TR590|c0_g2	 PF01490.15,Aa_trans
TR5910|c0_g1	 NA
TR5912|c0_g1	 NA
TR5917|c0_g1	 PF00235.16,Profilin
TR592|c1_g1	 NA
TR593|c1_g1	 PF01545.18,Cation_efflux
TR5952|c0_g1	 PF00210.21,Ferritin
TR5955|c0_g1	 NA
TR595|c1_g1	 PF11708.5,Slu7
TR595|c2_g1	 NA
TR598|c0_g2	 PF00400.29,WD40
TR598|c1_g1	 NA
TR598|c2_g1	 NA
TR5994|c0_g1	 NA
TR599|c1_g2	 NA
TR59|c0_g1	 PF08240.9,ADH_N;PF00107.23,ADH_zinc_N
TR6000|c0_g1	 NA
TR6003|c0_g1	 NA
TR600|c0_g1	 PF00397.23,WW;PF08236.8,SRI
TR6010|c0_g1	 NA
TR601|c0_g1	 PF13365.3,Trypsin_2
TR603|c0_g1	 PF06220.9,zf-U1;PF00397.23,WW
TR604|c0_g1	 NA
TR6067|c0_g1	 NA
TR606|c0_g1	 NA
TR6071|c0_g1	 NA
TR6071|c0_g3	 PF08312.9,cwf21
TR6072|c0_g1	 NA
TR6072|c3_g1	 PF16656.2,Pur_ac_phosph_N;PF00149.25,Metallophos;PF14008.3,Metallophos_C
TR6072|c4_g1	 NA
TR6073|c0_g1	 NA
TR6073|c2_g2	 PF08544.10,GHMP_kinases_C
TR6073|c3_g1	 PF01694.19,Rhomboid
TR6073|c5_g1	 PF01694.19,Rhomboid
TR6074|c10_g1	 PF12796.4,Ank_2;PF12796.4,Ank_2
TR6074|c11_g2	 PF00531.19,Death;PF12796.4,Ank_2;PF13606.3,Ank_3
TR6075|c3_g1	 NA
TR6075|c3_g2	 PF04046.13,PSP
TR6075|c5_g1	 PF16065.2,DUF4807
TR6075|c7_g1	 NA
TR6076|c1_g1	 NA
TR6076|c3_g1	 NA
TR6076|c3_g2	 NA
TR6076|c3_g3	 PF12874.4,zf-met;PF12874.4,zf-met;PF12874.4,zf-met
TR6077|c1_g1	 PF00373.15,FERM_M
TR6078|c0_g2	 PF00041.18,fn3
TR6078|c3_g1	 PF00041.18,fn3
TR6078|c4_g2	 PF00047.22,ig;PF00102.24,Y_phosphatase
TR6078|c4_g3	 NA
TR6078|c5_g1	 PF01554.15,MatE;PF01554.15,MatE
TR6078|c6_g1	 PF01554.15,MatE;PF01554.15,MatE
TR6078|c6_g2	 PF01554.15,MatE
TR6079|c10_g1	 NA
TR6079|c12_g1	 PF01490.15,Aa_trans
TR6079|c15_g1	 PF13923.3,zf-C3HC4_2;PF02176.15,zf-TRAF;PF02176.15,zf-TRAF
TR6079|c16_g1	 NA
TR6079|c18_g1	 NA
TR6079|c1_g2	 NA
TR6079|c3_g1	 NA
TR6079|c6_g1	 NA
TR6079|c7_g1	 NA
TR6079|c7_g3	 NA
TR6079|c9_g1	 PF00665.23,rve
TR6080|c0_g1	 NA
TR6080|c14_g1	 NA
TR6080|c16_g1	 NA
TR6080|c17_g1	 NA
TR6080|c2_g1	 PF02535.19,Zip
TR6080|c6_g1	 PF02535.19,Zip
TR6080|c6_g2	 PF02535.19,Zip
TR6080|c9_g1	 NA
TR6081|c1_g1	 PF00023.27,Ank
TR6081|c3_g1	 PF00023.27,Ank
TR6082|c1_g1	 NA
TR6082|c2_g1	 PF00370.18,FGGY_N;PF02782.13,FGGY_C
TR6083|c0_g1	 NA
TR6083|c1_g1	 NA
TR6083|c6_g1	 NA
TR6083|c6_g2	 NA
TR6083|c6_g3	 NA
TR6083|c6_g5	 NA
TR6083|c9_g1	 NA
TR6085|c0_g1	 NA
TR6085|c1_g2	 NA
TR6085|c7_g1	 NA
TR6085|c7_g2	 NA
TR6085|c8_g1	 NA
TR6085|c9_g1	 NA
TR6087|c12_g1	 NA
TR6087|c17_g1	 NA
TR6087|c2_g1	 NA
TR6087|c2_g2	 NA
TR6087|c8_g1	 NA
TR6088|c0_g1	 NA
TR6088|c2_g1	 PF13815.3,Dzip-like_N
TR6088|c2_g2	 NA
TR6089|c6_g1	 PF01266.21,DAO;PF16350.2,FAO_M;PF01571.18,GCV_T
TR608|c0_g1	 PF05871.9,ESCRT-II
TR6090|c0_g1	 NA
TR6090|c1_g2	 NA
TR6091|c0_g2	 NA
TR6091|c10_g1	 NA
TR6091|c10_g3	 NA
TR6091|c11_g4	 NA
TR6091|c15_g1	 NA
TR6091|c16_g1	 NA
TR6091|c24_g1	 NA
TR6091|c2_g1	 NA
TR6091|c3_g2	 NA
TR6091|c4_g1	 NA
TR6091|c6_g1	 NA
TR6092|c1_g1	 PF04563.12,RNA_pol_Rpb2_1
TR6092|c1_g2	 PF04561.11,RNA_pol_Rpb2_2
TR6093|c1_g1	 NA
TR6093|c6_g1	 NA
TR6094|c2_g1	 NA
TR6094|c2_g2	 NA
TR6094|c3_g1	 NA
TR6094|c3_g3	 NA
TR6094|c4_g1	 PF05168.11,HEPN
TR6094|c4_g3	 NA
TR6094|c5_g1	 NA
TR6095|c0_g1	 NA
TR6095|c5_g1	 NA
TR6097|c11_g1	 NA
TR6097|c2_g1	 NA
TR6097|c4_g1	 NA
TR6097|c5_g1	 NA
TR6097|c6_g1	 NA
TR6098|c10_g1	 NA
TR6098|c1_g1	 NA
TR6098|c1_g2	 NA
TR6098|c2_g1	 NA
TR6098|c5_g1	 NA
TR6098|c6_g3	 NA
TR6098|c9_g1	 NA
TR6099|c0_g1	 NA
TR6099|c17_g1	 NA
TR6099|c3_g2	 NA
TR6099|c5_g1	 NA
TR6099|c6_g1	 PF08232.9,Striatin;PF00400.29,WD40;PF00400.29,WD40;PF00400.29,WD40
TR6099|c7_g1	 PF06371.10,Drf_GBD;PF02181.20,FH2
TR6099|c8_g1	 NA
TR6099|c8_g3	 NA
TR609|c0_g2	 NA
TR6100|c6_g1	 NA
TR6100|c8_g1	 NA
TR6100|c9_g1	 NA
TR6101|c4_g1	 NA
TR6101|c5_g2	 PF06068.10,TIP49
TR6101|c8_g1	 NA
TR6102|c1_g1	 NA
TR6102|c1_g4	 NA
TR6103|c13_g1	 NA
TR6103|c4_g1	 NA
TR6104|c0_g1	 PF00149.25,Metallophos
TR6104|c0_g2	 PF00149.25,Metallophos
TR6104|c1_g2	 NA
TR6105|c12_g1	 NA
TR6105|c2_g1	 NA
TR6105|c7_g1	 NA
TR6105|c8_g1	 NA
TR6105|c8_g3	 NA
TR6105|c8_g4	 PF03446.12,NAD_binding_2;PF14833.3,NAD_binding_11;PF03131.14,bZIP_Maf
TR6105|c9_g1	 NA
TR6106|c1_g1	 NA
TR6106|c2_g1	 PF00041.18,fn3
TR6107|c2_g1	 NA
TR6107|c3_g1	 PF02759.16,RUN;PF00169.26,PH
TR6108|c10_g1	 NA
TR6108|c5_g1	 PF06702.9,Fam20C
TR6108|c8_g1	 NA
TR6109|c1_g3	 NA
TR6109|c4_g1	 NA
TR610|c0_g1	 PF13673.4,Acetyltransf_10
TR6110|c10_g1	 NA
TR6110|c6_g1	 NA
TR6110|c7_g1	 PF00856.25,SET
TR6110|c8_g3	 NA
TR6111|c0_g1	 NA
TR6111|c1_g1	 PF00069.22,Pkinase;PF02854.16,MIF4G
TR6111|c1_g3	 NA
TR6111|c2_g1	 NA
TR6111|c5_g1	 PF00069.22,Pkinase
TR6112|c13_g2	 NA
TR6112|c14_g1	 NA
TR6112|c17_g1	 NA
TR6112|c2_g1	 NA
TR6112|c6_g1	 PF01391.15,Collagen;PF01391.15,Collagen;PF01391.15,Collagen;PF01391.15,Collagen;PF01391.15,Collagen;PF01413.16,C4;PF01413.16,C4
TR6112|c9_g2	 PF01391.15,Collagen;PF01391.15,Collagen
TR6113|c3_g1	 PF07690.13,MFS_1
TR6113|c4_g2	 NA
TR6114|c0_g1	 PF00069.22,Pkinase
TR6115|c1_g1	 PF01702.15,TGT
TR6116|c0_g1	 PF00028.14,Cadherin;PF00028.14,Cadherin
TR6116|c0_g3	 NA
TR6117|c0_g3	 NA
TR6117|c0_g4	 NA
TR6118|c12_g1	 NA
TR6118|c3_g3	 NA
TR6118|c5_g1	 PF13516.3,LRR_6
TR6118|c5_g3	 NA
TR6118|c7_g4	 NA
TR6119|c16_g1	 NA
TR6119|c6_g1	 NA
TR6119|c8_g1	 NA
TR6120|c0_g1	 PF00013.26,KH_1;PF00013.26,KH_1;PF13920.3,zf-C3HC4_3
TR6121|c1_g1	 NA
TR6121|c2_g1	 NA
TR6121|c2_g2	 NA
TR6121|c7_g2	 NA
TR6121|c7_g3	 NA
TR6122|c3_g1	 NA
TR6122|c6_g1	 NA
TR6122|c6_g2	 PF12872.4,OST-HTH;PF00567.21,TUDOR
TR6122|c6_g3	 PF00567.21,TUDOR;PF00567.21,TUDOR;PF00567.21,TUDOR
TR6122|c8_g1	 NA
TR6123|c10_g2	 NA
TR6123|c19_g1	 NA
TR6124|c0_g1	 NA
TR6124|c0_g2	 NA
TR6124|c2_g1	 NA
TR6124|c3_g1	 PF13927.3,Ig_3;PF13927.3,Ig_3;PF07679.13,I-set;PF13927.3,Ig_3;PF13927.3,Ig_3;PF00041.18,fn3
TR6124|c3_g2	 PF13927.3,Ig_3;PF00041.18,fn3
TR6124|c4_g2	 PF07679.13,I-set
TR6124|c5_g1	 PF13927.3,Ig_3;PF13927.3,Ig_3;PF13927.3,Ig_3
TR6125|c2_g1	 NA
TR6125|c3_g1	 NA
TR6125|c4_g2	 NA
TR6125|c6_g1	 NA
TR6125|c8_g1	 NA
TR6125|c9_g1	 NA
TR6126|c1_g1	 PF13927.3,Ig_3;PF13927.3,Ig_3;PF01582.17,TIR
TR6126|c3_g1	 NA
TR6128|c2_g2	 PF00092.25,VWA
TR6129|c11_g1	 NA
TR6129|c8_g1	 PF15963.2,Myb_DNA-bind_7
TR6130|c14_g1	 NA
TR6130|c5_g2	 NA
TR6130|c6_g1	 PF00654.17,Voltage_CLC;PF00571.25,CBS
TR6130|c8_g1	 NA
TR6131|c1_g1	 NA
TR6131|c2_g1	 PF00619.18,CARD
TR6131|c4_g1	 PF05729.9,NACHT
TR6131|c5_g1	 NA
TR6132|c0_g2	 PF00264.17,Tyrosinase
TR6132|c1_g1	 NA
TR6133|c10_g1	 PF03914.14,CBF
TR6133|c10_g2	 PF07540.8,NOC3p;PF01467.23,CTP_transf_like;PF03727.13,Hexokinase_2
TR6133|c12_g1	 NA
TR6133|c16_g1	 NA
TR6133|c5_g1	 PF00071.19,Ras
TR6133|c8_g1	 PF00102.24,Y_phosphatase;PF00102.24,Y_phosphatase
TR6134|c1_g3	 NA
TR6135|c0_g2	 PF00078.24,RVT_1
TR6136|c2_g1	 NA
TR6136|c2_g2	 NA
TR6136|c3_g1	 NA
TR6136|c5_g1	 PF00149.25,Metallophos
TR6136|c6_g1	 NA
TR6138|c0_g1	 PF00270.26,DEAD;PF00271.28,Helicase_C;PF11648.5,RIG-I_C-RD
TR6139|c0_g1	 NA
TR6139|c10_g2	 PF00041.18,fn3
TR6139|c10_g4	 PF13927.3,Ig_3
TR6139|c11_g3	 NA
TR6139|c12_g1	 NA
TR6139|c13_g1	 NA
TR6139|c1_g1	 NA
TR6139|c22_g1	 NA
TR6139|c9_g1	 PF00041.18,fn3
TR613|c4_g2	 NA
TR6140|c6_g1	 NA
TR6140|c7_g1	 PF00755.17,Carn_acyltransf
TR6140|c7_g2	 PF00755.17,Carn_acyltransf
TR6141|c0_g1	 NA
TR6142|c10_g1	 NA
TR6142|c2_g1	 NA
TR6142|c3_g1	 PF00656.19,Peptidase_C14
TR6142|c3_g2	 PF00656.19,Peptidase_C14
TR6142|c5_g1	 NA
TR6142|c6_g3	 NA
TR6142|c6_g5	 NA
TR6142|c7_g2	 PF06012.9,DUF908;PF06012.9,DUF908;PF06025.9,DUF913;PF00627.28,UBA;PF02825.17,WWE
TR6142|c9_g1	 NA
TR6144|c4_g1	 PF12796.4,Ank_2;PF00023.27,Ank
TR6144|c5_g1	 NA
TR6145|c4_g1	 NA
TR6145|c7_g1	 NA
TR6145|c8_g1	 NA
TR6147|c0_g1	 NA
TR6147|c0_g2	 NA
TR6147|c10_g1	 NA
TR6147|c11_g1	 NA
TR6147|c15_g1	 PF09588.7,YqaJ
TR6148|c2_g1	 NA
TR6148|c3_g2	 PF00069.22,Pkinase
TR6149|c2_g2	 PF00041.18,fn3;PF00041.18,fn3
TR6149|c2_g3	 NA
TR6150|c0_g1	 PF07679.13,I-set;PF13927.3,Ig_3;PF13927.3,Ig_3;PF00047.22,ig;PF00041.18,fn3;PF00041.18,fn3
TR6151|c0_g1	 NA
TR6151|c0_g2	 PF00171.19,Aldedh
TR6151|c6_g2	 NA
TR6151|c6_g3	 NA
TR6153|c0_g1	 NA
TR6153|c2_g2	 PF02985.19,HEAT;PF02985.19,HEAT
TR6154|c0_g1	 PF03137.17,OATP;PF07648.12,Kazal_2
TR6154|c0_g4	 PF03137.17,OATP;PF07648.12,Kazal_2
TR6155|c10_g1	 NA
TR6155|c2_g2	 NA
TR6155|c3_g1	 NA
TR6155|c7_g1	 NA
TR6155|c7_g2	 NA
TR6155|c8_g1	 NA
TR6155|c9_g1	 NA
TR6156|c0_g1	 PF03160.11,Calx-beta;PF03160.11,Calx-beta;PF03160.11,Calx-beta;PF03160.11,Calx-beta;PF03160.11,Calx-beta;PF03160.11,Calx-beta;PF03160.11,Calx-beta;PF03160.11,Calx-beta
TR6156|c1_g1	 PF00611.20,FCH
TR6156|c4_g1	 NA
TR6157|c0_g1	 NA
TR6157|c11_g1	 NA
TR6157|c12_g1	 NA
TR6157|c14_g1	 NA
TR6157|c5_g2	 NA
TR6157|c6_g1	 PF16113.2,ECH_2
TR6157|c8_g3	 NA
TR6158|c0_g2	 NA
TR6159|c5_g1	 NA
TR6159|c6_g1	 PF01825.18,GPS;PF00002.21,7tm_2
TR615|c2_g1	 PF13516.3,LRR_6;PF13516.3,LRR_6;PF13516.3,LRR_6;PF13516.3,LRR_6
TR6160|c0_g2	 PF01565.20,FAD_binding_4;PF04030.11,ALO
TR6160|c3_g1	 PF07496.12,zf-CW;PF04433.14,SWIRM;PF01593.21,Amino_oxidase
TR6160|c3_g2	 PF01593.21,Amino_oxidase
TR6160|c6_g1	 NA
TR6160|c9_g1	 NA
TR6161|c0_g1	 NA
TR6161|c11_g1	 NA
TR6161|c6_g1	 PF13905.3,Thioredoxin_8;PF13905.3,Thioredoxin_8
TR6161|c7_g1	 NA
TR6161|c9_g1	 NA
TR6161|c9_g2	 NA
TR6162|c2_g1	 NA
TR6162|c3_g2	 NA
TR6163|c11_g1	 NA
TR6163|c1_g1	 NA
TR6163|c9_g1	 NA
TR6164|c1_g1	 NA
TR6164|c8_g1	 NA
TR6165|c8_g1	 NA
TR6165|c8_g2	 NA
TR6165|c9_g2	 NA
TR6166|c14_g1	 NA
TR6166|c5_g1	 PF00078.24,RVT_1
TR6166|c9_g1	 NA
TR6167|c3_g1	 NA
TR6167|c4_g2	 NA
TR6167|c7_g1	 PF00620.24,RhoGAP
TR6167|c8_g1	 PF11470.5,TUG-UBL1;PF00789.17,UBX
TR6167|c8_g2	 NA
TR6167|c9_g1	 NA
TR6168|c3_g2	 PF07714.14,Pkinase_Tyr
TR6168|c3_g3	 NA
TR6169|c0_g1	 NA
TR6169|c4_g1	 PF00595.21,PDZ;PF00595.21,PDZ
TR6169|c4_g2	 NA
TR6169|c9_g1	 NA
TR6170|c3_g1	 NA
TR6170|c7_g1	 NA
TR6179|c0_g1	 NA
TR6189|c0_g1	 NA
TR618|c0_g1	 PF00180.17,Iso_dh;PF00180.17,Iso_dh
TR619|c2_g1	 NA
TR6208|c0_g1	 NA
TR620|c1_g1	 NA
TR6218|c1_g1	 NA
TR621|c0_g2	 NA
TR621|c0_g3	 NA
TR6220|c0_g1	 NA
TR6221|c0_g1	 NA
TR6221|c1_g1	 NA
TR6222|c0_g1	 NA
TR6223|c0_g1	 NA
TR6223|c0_g2	 NA
TR623|c0_g1	 NA
TR623|c1_g1	 PF02014.13,Reeler;PF00084.17,Sushi
TR6243|c0_g1	 NA
TR624|c1_g1	 NA
TR6252|c0_g1	 NA
TR625|c1_g1	 NA
TR625|c1_g3	 PF00483.20,NTP_transferase
TR6279|c0_g1	 PF13516.3,LRR_6;PF13516.3,LRR_6
TR627|c0_g2	 NA
TR628|c0_g1	 NA
TR628|c1_g2	 PF00069.22,Pkinase
TR629|c0_g1	 PF10192.6,GpcrRhopsn4
TR6349|c0_g1	 NA
TR6352|c0_g1	 PF13866.3,zf-SAP30;PF13867.3,SAP30_Sin3_bdg;PF09011.7,HMG_box_2;PF00505.16,HMG_box
TR6352|c0_g2	 PF00505.16,HMG_box;PF09011.7,HMG_box_2;PF13866.3,zf-SAP30;PF13867.3,SAP30_Sin3_bdg
TR635|c2_g1	 NA
TR6361|c0_g2	 NA
TR636|c0_g1	 PF01363.18,FYVE
TR6382|c0_g1	 NA
TR6382|c11_g1	 NA
TR6382|c16_g1	 NA
TR6382|c1_g1	 NA
TR6382|c4_g1	 PF13358.3,DDE_3
TR6382|c8_g1	 NA
TR6382|c8_g2	 NA
TR6383|c3_g1	 PF11969.5,DcpS_C
TR6383|c4_g2	 NA
TR6383|c5_g1	 PF03006.17,HlyIII
TR6383|c7_g1	 NA
TR6385|c2_g2	 NA
TR6385|c5_g1	 PF00643.21,zf-B_box;PF00643.21,zf-B_box
TR6385|c7_g1	 NA
TR6386|c13_g1	 NA
TR6387|c10_g1	 PF08190.9,PIH1
TR6387|c14_g1	 NA
TR6387|c14_g2	 NA
TR6387|c17_g1	 NA
TR6387|c20_g1	 NA
TR6387|c30_g1	 NA
TR6387|c4_g1	 PF05303.9,DUF727
TR6387|c4_g2	 PF05303.9,DUF727
TR6387|c7_g1	 NA
TR6388|c2_g1	 NA
TR6388|c2_g2	 PF00270.26,DEAD;PF00271.28,Helicase_C
TR6389|c0_g2	 NA
TR6389|c10_g1	 NA
TR6389|c11_g1	 PF04795.9,PAPA-1;PF04438.13,zf-HIT
TR6389|c12_g1	 NA
TR6389|c13_g1	 NA
TR6389|c14_g1	 NA
TR6389|c5_g1	 NA
TR6389|c5_g2	 NA
TR6389|c7_g1	 NA
TR6389|c9_g1	 PF00042.19,Globin
TR6390|c2_g1	 PF07718.9,Coatamer_beta_C;PF14806.3,Coatomer_b_Cpla
TR6390|c2_g2	 PF01602.17,Adaptin_N;PF07718.9,Coatamer_beta_C
TR6391|c2_g3	 PF00385.21,Chromo;PF00385.21,Chromo;PF00176.20,SNF2_N
TR6392|c0_g2	 NA
TR6393|c10_g1	 NA
TR6393|c12_g1	 NA
TR6393|c13_g1	 PF01771.14,Herpes_alk_exo
TR6393|c14_g1	 NA
TR6393|c18_g1	 NA
TR6393|c21_g1	 NA
TR6393|c3_g1	 NA
TR6393|c7_g2	 NA
TR6394|c3_g1	 NA
TR6394|c3_g2	 NA
TR6394|c4_g1	 PF05153.12,MIOX
TR6394|c5_g1	 NA
TR6397|c0_g1	 PF00443.26,UCH;PF00627.28,UBA;PF00627.28,UBA
TR6398|c0_g2	 NA
TR6398|c1_g1	 NA
TR6398|c4_g1	 NA
TR6399|c12_g1	 NA
TR6399|c13_g1	 PF13516.3,LRR_6;PF13516.3,LRR_6
TR6399|c14_g1	 PF01130.18,CD36
TR6399|c20_g1	 NA
TR6399|c6_g2	 NA
TR6399|c9_g1	 NA
TR6400|c10_g1	 NA
TR6400|c10_g2	 NA
TR6400|c11_g1	 NA
TR6400|c11_g3	 NA
TR6400|c11_g5	 NA
TR6400|c1_g1	 PF00389.27,2-Hacid_dh
TR6400|c2_g1	 PF00106.22,adh_short
TR6400|c7_g2	 NA
TR6400|c8_g1	 NA
TR6400|c9_g2	 NA
TR6401|c1_g1	 PF07645.12,EGF_CA;PF07645.12,EGF_CA;PF14670.3,FXa_inhibition;PF12662.4,cEGF;PF14670.3,FXa_inhibition;PF00084.17,Sushi;PF00008.24,EGF
TR6401|c3_g1	 NA
TR6401|c4_g1	 NA
TR6401|c5_g1	 PF07699.10,Ephrin_rec_like;PF07699.10,Ephrin_rec_like;PF13895.3,Ig_2
TR6401|c6_g1	 NA
TR6401|c7_g1	 NA
TR6401|c8_g1	 NA
TR6403|c3_g5	 NA
TR6404|c12_g1	 NA
TR6404|c14_g1	 NA
TR6404|c16_g1	 NA
TR6404|c2_g1	 PF13358.3,DDE_3
TR6404|c3_g1	 NA
TR6404|c6_g1	 NA
TR6404|c7_g1	 NA
TR6405|c0_g1	 PF03160.11,Calx-beta;PF03160.11,Calx-beta;PF03160.11,Calx-beta;PF03160.11,Calx-beta;PF03160.11,Calx-beta;PF03160.11,Calx-beta;PF03160.11,Calx-beta;PF03160.11,Calx-beta
TR6406|c0_g2	 NA
TR6406|c1_g2	 NA
TR6407|c1_g1	 NA
TR6407|c1_g3	 NA
TR6407|c4_g1	 NA
TR6408|c0_g2	 PF00412.19,LIM;PF00412.19,LIM;PF00412.19,LIM
TR6409|c10_g1	 PF00412.19,LIM;PF00788.20,RA;PF16517.2,Nore1-SARAH
TR6409|c10_g2	 NA
TR6409|c14_g1	 PF03254.10,XG_FTase
TR6409|c5_g2	 NA
TR640|c4_g1	 NA
TR6410|c10_g1	 NA
TR6410|c12_g1	 PF00530.15,SRCR
TR6410|c13_g1	 NA
TR6410|c15_g1	 PF05154.13,TM2
TR6410|c2_g1	 NA
TR6410|c9_g1	 NA
TR6412|c1_g1	 PF00628.26,PHD;PF01753.15,zf-MYND
TR6412|c7_g1	 NA
TR6413|c5_g1	 NA
TR6414|c10_g1	 NA
TR6414|c10_g2	 NA
TR6414|c15_g1	 NA
TR6414|c6_g2	 NA
TR6414|c9_g1	 NA
TR6415|c0_g1	 PF02008.17,zf-CXXC;PF02338.16,OTU
TR6415|c14_g1	 NA
TR6415|c17_g1	 NA
TR6415|c1_g1	 PF02221.12,E1_DerP2_DerF2
TR6415|c8_g1	 NA
TR6415|c8_g2	 PF16705.2,NUDIX_5;PF12796.4,Ank_2;PF12796.4,Ank_2;PF00373.15,FERM_M
TR6416|c1_g1	 PF13281.3,DUF4071;PF00069.22,Pkinase
TR6416|c1_g2	 PF13281.3,DUF4071;PF00069.22,Pkinase
TR6416|c20_g1	 NA
TR6416|c4_g2	 PF00665.23,rve
TR6416|c6_g2	 NA
TR6416|c8_g1	 PF01061.21,ABC2_membrane;PF12698.4,ABC2_membrane_3
TR6417|c0_g2	 PF00225.20,Kinesin
TR6417|c1_g2	 PF00225.20,Kinesin
TR6418|c0_g1	 NA
TR6418|c1_g1	 NA
TR6418|c4_g1	 PF12738.4,PTCB-BRCT;PF12738.4,PTCB-BRCT;PF16589.2,BRCT_2
TR641|c0_g1	 PF16575.2,CLP1_P
TR6420|c0_g1	 NA
TR6420|c16_g1	 NA
TR6420|c3_g2	 NA
TR6420|c5_g1	 NA
TR6420|c9_g1	 NA
TR6421|c1_g1	 NA
TR6421|c5_g1	 NA
TR6421|c6_g1	 NA
TR6422|c13_g2	 NA
TR6422|c14_g1	 PF02892.12,zf-BED
TR6422|c21_g1	 NA
TR6422|c2_g1	 NA
TR6422|c5_g1	 NA
TR6422|c7_g1	 PF04065.12,Not3
TR6422|c7_g2	 PF04153.15,NOT2_3_5
TR6422|c9_g1	 NA
TR6424|c0_g1	 NA
TR6424|c0_g2	 NA
TR6424|c11_g1	 NA
TR6424|c13_g1	 NA
TR6424|c1_g1	 NA
TR6424|c3_g1	 NA
TR6424|c4_g1	 NA
TR6424|c5_g2	 PF07714.14,Pkinase_Tyr
TR6427|c3_g1	 NA
TR6427|c4_g1	 PF01392.19,Fz
TR6427|c4_g2	 PF07714.14,Pkinase_Tyr
TR6428|c10_g1	 NA
TR6428|c10_g2	 PF13923.3,zf-C3HC4_2
TR6428|c19_g1	 NA
TR6428|c8_g1	 NA
TR6428|c9_g1	 NA
TR6429|c10_g1	 NA
TR6429|c12_g1	 NA
TR6429|c15_g1	 NA
TR6429|c17_g1	 NA
TR6429|c20_g1	 NA
TR6429|c5_g1	 NA
TR642|c0_g1	 PF13855.3,LRR_8
TR642|c0_g2	 PF13855.3,LRR_8;PF00595.21,PDZ
TR6430|c3_g1	 PF00008.24,EGF;PF02210.21,Laminin_G_2;PF00008.24,EGF;PF00054.20,Laminin_G_1;PF00054.20,Laminin_G_1
TR6431|c2_g1	 PF13365.3,Trypsin_2
TR6432|c11_g1	 PF00651.28,BTB;PF07707.12,BACK
TR6432|c8_g1	 NA
TR6432|c8_g2	 NA
TR6433|c2_g1	 NA
TR6434|c10_g1	 NA
TR6434|c14_g1	 NA
TR6434|c18_g1	 NA
TR6434|c2_g2	 NA
TR6434|c3_g2	 NA
TR6434|c4_g2	 PF01273.22,LBP_BPI_CETP;PF02886.14,LBP_BPI_CETP_C
TR6434|c5_g2	 PF00698.18,Acyl_transf_1
TR6434|c6_g2	 NA
TR6435|c12_g1	 NA
TR6435|c6_g1	 NA
TR6435|c7_g1	 NA
TR6435|c8_g1	 NA
TR6435|c8_g3	 NA
TR6437|c13_g1	 NA
TR6437|c4_g2	 NA
TR6437|c5_g1	 NA
TR6437|c6_g1	 NA
TR6437|c6_g2	 NA
TR6437|c9_g1	 NA
TR6438|c14_g1	 NA
TR6438|c1_g1	 NA
TR6438|c3_g2	 NA
TR6438|c5_g1	 NA
TR6438|c7_g1	 NA
TR6438|c7_g2	 NA
TR6438|c7_g3	 PF00130.19,C1_1;PF00788.20,RA;PF16517.2,Nore1-SARAH
TR6438|c9_g1	 NA
TR643|c1_g2	 PF14691.3,Fer4_20
TR6440|c0_g1	 NA
TR6440|c10_g1	 NA
TR6440|c11_g1	 NA
TR6440|c7_g4	 NA
TR6440|c8_g1	 PF13181.3,TPR_8;PF13181.3,TPR_8;PF08321.9,PPP5;PF00149.25,Metallophos
TR6441|c2_g1	 NA
TR6441|c3_g1	 NA
TR6441|c4_g1	 NA
TR6441|c4_g3	 NA
TR6441|c5_g1	 NA
TR6442|c0_g1	 NA
TR6442|c14_g1	 NA
TR6442|c6_g1	 NA
TR6442|c9_g1	 NA
TR6443|c2_g2	 NA
TR6443|c4_g1	 NA
TR6444|c4_g1	 PF04670.9,Gtr1_RagA
TR6445|c10_g2	 NA
TR6445|c11_g1	 NA
TR6445|c12_g1	 PF00097.22,zf-C3HC4;PF02176.15,zf-TRAF
TR6445|c13_g1	 NA
TR6445|c20_g1	 NA
TR6445|c22_g1	 NA
TR6445|c5_g1	 NA
TR6445|c6_g2	 NA
TR6446|c11_g1	 NA
TR6446|c4_g1	 PF00169.26,PH
TR6446|c7_g1	 PF00063.18,Myosin_head;PF00063.18,Myosin_head;PF06017.10,Myosin_TH1
TR6446|c8_g1	 PF00063.18,Myosin_head
TR6447|c1_g1	 NA
TR6447|c2_g1	 PF13499.3,EF-hand_7;PF13499.3,EF-hand_7
TR6447|c6_g1	 NA
TR6448|c10_g1	 NA
TR6448|c20_g1	 NA
TR6448|c6_g1	 NA
TR6449|c0_g1	 PF01839.20,FG-GAP;PF01839.20,FG-GAP;PF08441.9,Integrin_alpha2
TR644|c1_g1	 PF12999.4,PRKCSH-like;PF13015.3,PRKCSH_1
TR644|c2_g1	 PF00782.17,DSPc
TR6450|c5_g1	 PF00221.16,Lyase_aromatic;PF00221.16,Lyase_aromatic
TR6452|c13_g1	 NA
TR6452|c4_g1	 PF01826.14,TIL
TR6452|c6_g1	 NA
TR6452|c8_g1	 NA
TR6453|c1_g3	 PF04147.9,Nop14
TR6453|c2_g1	 NA
TR6454|c1_g1	 PF00664.20,ABC_membrane;PF00005.24,ABC_tran;PF00664.20,ABC_membrane
TR6455|c7_g1	 NA
TR6456|c10_g1	 NA
TR6456|c12_g1	 NA
TR6456|c13_g1	 NA
TR6456|c3_g1	 NA
TR6456|c4_g1	 NA
TR6456|c5_g1	 NA
TR6456|c9_g1	 NA
TR6457|c0_g1	 NA
TR6457|c0_g2	 NA
TR6457|c10_g3	 PF01494.16,FAD_binding_3;PF08240.9,ADH_N;PF13602.3,ADH_zinc_N_2
TR6457|c11_g1	 PF00169.26,PH;PF00779.16,BTK;PF00018.25,SH3_1;PF00017.21,SH2;PF07714.14,Pkinase_Tyr
TR6457|c16_g1	 NA
TR6457|c17_g1	 NA
TR6457|c2_g2	 NA
TR6457|c3_g1	 NA
TR6457|c4_g1	 NA
TR6457|c5_g1	 NA
TR6458|c0_g1	 NA
TR6458|c0_g2	 NA
TR6459|c3_g1	 PF00664.20,ABC_membrane
TR6459|c3_g5	 NA
TR645|c0_g1	 PF02540.14,NAD_synthase;PF00795.19,CN_hydrolase
TR6460|c10_g1	 NA
TR6460|c10_g2	 PF01120.14,Alpha_L_fucos;PF16757.2,Fucosidase_C
TR6460|c11_g3	 NA
TR6460|c19_g1	 NA
TR6460|c27_g1	 NA
TR6460|c3_g1	 PF03160.11,Calx-beta;PF03160.11,Calx-beta;PF03160.11,Calx-beta;PF03160.11,Calx-beta;PF03160.11,Calx-beta;PF03160.11,Calx-beta
TR6460|c8_g1	 PF02991.13,Atg8
TR6461|c3_g1	 PF09379.7,FERM_N;PF00373.15,FERM_M;PF09380.7,FERM_C;PF00595.21,PDZ;PF00595.21,PDZ
TR6461|c9_g1	 PF00782.17,DSPc
TR6462|c0_g1	 NA
TR6462|c10_g3	 NA
TR6462|c11_g1	 PF10149.6,TM231
TR6462|c12_g2	 PF00004.26,AAA;PF01434.15,Peptidase_M41
TR6462|c18_g1	 NA
TR6462|c5_g1	 NA
TR6463|c0_g2	 NA
TR6463|c1_g4	 PF05729.9,NACHT
TR6463|c2_g2	 NA
TR6464|c1_g1	 PF00009.24,GTP_EFTU;PF03144.22,GTP_EFTU_D2;PF14492.3,EFG_II;PF00679.21,EFG_C
TR6464|c2_g1	 PF04818.10,CTD_bind
TR6464|c2_g2	 PF04818.10,CTD_bind;PF16566.2,CREPT
TR6464|c3_g1	 NA
TR6464|c4_g1	 NA
TR6465|c4_g1	 NA
TR6465|c6_g1	 PF05971.9,Methyltransf_10
TR6465|c8_g1	 NA
TR6466|c0_g1	 NA
TR6466|c1_g1	 PF00082.19,Peptidase_S8
TR6466|c1_g2	 NA
TR6467|c0_g2	 NA
TR6467|c10_g1	 NA
TR6467|c1_g1	 NA
TR6467|c2_g1	 NA
TR6467|c6_g1	 NA
TR6467|c7_g1	 NA
TR6468|c10_g1	 PF13358.3,DDE_3
TR6468|c1_g2	 NA
TR6468|c21_g1	 NA
TR6468|c2_g1	 NA
TR6468|c4_g1	 PF00057.15,Ldl_recept_a;PF00057.15,Ldl_recept_a;PF00057.15,Ldl_recept_a;PF00057.15,Ldl_recept_a;PF00057.15,Ldl_recept_a;PF00057.15,Ldl_recept_a;PF00057.15,Ldl_recept_a
TR6468|c4_g2	 NA
TR6468|c7_g1	 PF03656.10,Pam16
TR6468|c8_g1	 PF13855.3,LRR_8
TR6469|c0_g2	 NA
TR6469|c17_g1	 PF00071.19,Ras
TR6469|c19_g1	 NA
TR6469|c4_g1	 NA
TR6469|c5_g1	 NA
TR6469|c8_g1	 NA
TR6469|c9_g1	 NA
TR646|c0_g1	 NA
TR646|c0_g2	 PF05879.9,RHD3
TR6471|c0_g1	 NA
TR6471|c0_g2	 NA
TR6471|c0_g3	 PF16095.2,COR
TR6472|c12_g1	 NA
TR6472|c15_g1	 NA
TR6472|c2_g1	 NA
TR6473|c5_g1	 NA
TR6474|c1_g1	 NA
TR6474|c2_g1	 PF05889.10,SepSecS
TR6474|c3_g1	 NA
TR6474|c3_g2	 NA
TR6474|c4_g1	 NA
TR6475|c2_g2	 PF01569.18,PAP2
TR6476|c4_g1	 NA
TR6476|c6_g1	 NA
TR6477|c0_g1	 NA
TR6478|c18_g1	 NA
TR6478|c1_g2	 NA
TR6478|c4_g3	 NA
TR6478|c7_g1	 NA
TR6478|c7_g2	 NA
TR6479|c3_g1	 PF00754.22,F5_F8_type_C
TR6479|c6_g1	 NA
TR647|c2_g1	 NA
TR6481|c11_g1	 PF01302.22,CAP_GLY
TR6481|c12_g1	 NA
TR6481|c13_g2	 NA
TR6481|c13_g3	 NA
TR6481|c3_g1	 PF16095.2,COR
TR6481|c4_g1	 NA
TR6481|c5_g1	 NA
TR6489|c0_g1	 NA
TR648|c0_g1	 PF00240.20,ubiquitin;PF09668.7,Asp_protease
TR648|c0_g2	 NA
TR650|c1_g3	 PF00531.19,Death
TR6515|c0_g1	 NA
TR651|c1_g1	 PF09334.8,tRNA-synt_1g
TR651|c3_g1	 NA
TR651|c5_g1	 NA
TR6525|c0_g1	 PF01403.16,Sema
TR6525|c0_g2	 PF01403.16,Sema
TR652|c0_g1	 NA
TR652|c2_g1	 NA
TR6531|c0_g1	 PF04756.10,OST3_OST6
TR6534|c0_g1	 NA
TR6535|c1_g1	 PF01661.18,Macro
TR6536|c0_g1	 PF00530.15,SRCR;PF00530.15,SRCR
TR6536|c5_g1	 PF00530.15,SRCR
TR6536|c5_g3	 PF00530.15,SRCR;PF00530.15,SRCR;PF00530.15,SRCR
TR6536|c7_g2	 PF00530.15,SRCR
TR6536|c7_g3	 NA
TR6537|c0_g4	 PF00078.24,RVT_1
TR6538|c5_g1	 NA
TR6538|c6_g2	 NA
TR6538|c8_g1	 NA
TR6538|c8_g3	 NA
TR6539|c0_g2	 NA
TR6540|c0_g1	 NA
TR6540|c0_g2	 NA
TR6540|c11_g1	 NA
TR6540|c3_g3	 PF00063.18,Myosin_head
TR6541|c0_g3	 NA
TR6541|c0_g4	 PF00078.24,RVT_1;PF00098.20,zf-CCHC;PF14392.3,zf-CCHC_4
TR6541|c0_g6	 NA
TR6542|c12_g1	 NA
TR6542|c20_g1	 NA
TR6542|c3_g2	 NA
TR6542|c7_g2	 NA
TR6544|c2_g1	 PF02213.13,GYF
TR6544|c3_g1	 NA
TR6544|c4_g1	 PF07679.13,I-set;PF13927.3,Ig_3
TR6544|c5_g1	 NA
TR6545|c10_g1	 NA
TR6545|c11_g2	 NA
TR6545|c11_g4	 NA
TR6545|c14_g1	 NA
TR6545|c18_g1	 NA
TR6545|c2_g1	 NA
TR6545|c8_g1	 NA
TR6545|c8_g2	 NA
TR6546|c36_g1	 NA
TR6546|c3_g2	 NA
TR6546|c5_g1	 NA
TR6546|c6_g1	 NA
TR6546|c7_g3	 PF00620.24,RhoGAP
TR6547|c18_g1	 NA
TR6547|c1_g2	 NA
TR6547|c20_g1	 NA
TR6547|c6_g1	 NA
TR6548|c0_g1	 NA
TR6548|c11_g1	 NA
TR6548|c20_g1	 NA
TR6548|c2_g1	 NA
TR6548|c2_g3	 NA
TR6548|c4_g1	 PF14598.3,PAS_11
TR6548|c5_g1	 PF07690.13,MFS_1
TR6548|c6_g1	 NA
TR6548|c8_g3	 NA
TR6549|c10_g1	 NA
TR6549|c17_g1	 NA
TR6549|c22_g1	 NA
TR6549|c8_g3	 NA
TR654|c0_g2	 PF00153.24,Mito_carr;PF00153.24,Mito_carr
TR654|c1_g1	 PF07221.8,GlcNAc_2-epim;PF00618.17,RasGEF_N;PF00617.16,RasGEF
TR6550|c1_g1	 PF00619.18,CARD;PF05729.9,NACHT
TR6550|c1_g4	 NA
TR6551|c2_g3	 NA
TR6551|c4_g1	 NA
TR6551|c4_g2	 PF00069.22,Pkinase
TR6551|c5_g2	 NA
TR6551|c7_g1	 NA
TR6551|c8_g1	 PF00069.22,Pkinase
TR6552|c10_g1	 NA
TR6552|c1_g1	 NA
TR6552|c1_g2	 NA
TR6552|c3_g1	 NA
TR6552|c4_g1	 PF01826.14,TIL
TR6552|c5_g4	 NA
TR6552|c5_g5	 NA
TR6552|c7_g1	 NA
TR6552|c9_g1	 NA
TR6553|c11_g1	 NA
TR6553|c13_g1	 NA
TR6553|c3_g1	 PF00644.17,PARP
TR6553|c3_g2	 PF00644.17,PARP
TR6553|c3_g3	 NA
TR6553|c8_g1	 NA
TR6553|c8_g2	 NA
TR6554|c1_g1	 NA
TR6554|c4_g1	 NA
TR6554|c4_g2	 NA
TR6554|c4_g5	 NA
TR6554|c5_g1	 NA
TR6554|c8_g1	 NA
TR6555|c14_g1	 NA
TR6555|c3_g1	 PF07679.13,I-set;PF00041.18,fn3
TR6555|c5_g1	 NA
TR6555|c5_g2	 PF00071.19,Ras
TR6556|c0_g1	 NA
TR6556|c1_g1	 PF00012.17,HSP70
TR6557|c0_g2	 NA
TR6557|c11_g1	 NA
TR6557|c4_g1	 NA
TR6558|c13_g1	 PF12796.4,Ank_2;PF12796.4,Ank_2;PF12796.4,Ank_2
TR6558|c4_g1	 NA
TR6558|c5_g2	 NA
TR6558|c7_g1	 NA
TR6558|c9_g1	 NA
TR6559|c1_g2	 NA
TR6559|c1_g3	 NA
TR6559|c2_g3	 PF00613.17,PI3Ka;PF00454.24,PI3_PI4_kinase;PF00454.24,PI3_PI4_kinase
TR6559|c2_g5	 NA
TR6560|c0_g1	 NA
TR6560|c1_g1	 NA
TR6560|c2_g3	 PF13898.3,DUF4205
TR6560|c2_g5	 NA
TR6560|c8_g1	 NA
TR6561|c1_g1	 PF05206.11,TRM13
TR6561|c2_g1	 NA
TR6561|c2_g2	 NA
TR6561|c3_g1	 PF06087.9,Tyr-DNA_phospho
TR6561|c3_g2	 PF10283.6,zf-CCHH;PF06087.9,Tyr-DNA_phospho
TR6561|c7_g1	 NA
TR6562|c0_g1	 NA
TR6562|c0_g2	 NA
TR6562|c1_g1	 NA
TR6563|c1_g2	 NA
TR6563|c2_g1	 NA
TR6563|c3_g1	 PF07714.14,Pkinase_Tyr
TR6563|c4_g1	 NA
TR6564|c10_g1	 NA
TR6564|c1_g1	 NA
TR6564|c6_g1	 NA
TR6564|c8_g2	 NA
TR6564|c9_g2	 NA
TR6565|c0_g1	 NA
TR6565|c0_g2	 PF09735.6,Nckap1
TR6565|c0_g3	 PF09735.6,Nckap1
TR6566|c10_g1	 NA
TR6566|c2_g1	 PF09588.7,YqaJ
TR6566|c3_g1	 PF00483.20,NTP_transferase
TR6566|c5_g1	 PF02138.15,Beach
TR6566|c5_g2	 NA
TR6566|c5_g5	 NA
TR6566|c5_g6	 PF14844.3,PH_BEACH;PF02138.15,Beach
TR6567|c1_g2	 NA
TR6567|c3_g2	 NA
TR6567|c4_g5	 NA
TR6568|c0_g1	 PF05729.9,NACHT
TR6568|c12_g1	 PF00041.18,fn3
TR6568|c21_g1	 NA
TR6568|c2_g2	 NA
TR6568|c3_g1	 NA
TR6568|c6_g1	 PF00041.18,fn3;PF00041.18,fn3
TR6568|c6_g2	 PF00041.18,fn3
TR6568|c8_g2	 PF05729.9,NACHT
TR6569|c1_g1	 PF00692.16,dUTPase
TR6569|c2_g1	 NA
TR6569|c4_g1	 PF00134.20,Cyclin_N;PF02984.16,Cyclin_C
TR6569|c5_g1	 PF07714.14,Pkinase_Tyr;PF11605.5,Vps36_ESCRT-II
TR656|c0_g1	 NA
TR6570|c0_g1	 NA
TR6570|c0_g2	 NA
TR6570|c10_g1	 NA
TR6570|c11_g1	 NA
TR6570|c15_g1	 NA
TR6570|c16_g1	 NA
TR6570|c5_g1	 NA
TR6570|c8_g1	 PF00481.18,PP2C;PF07830.10,PP2C_C
TR6571|c0_g2	 NA
TR6571|c3_g1	 NA
TR6571|c3_g2	 NA
TR6571|c5_g1	 NA
TR6572|c2_g1	 NA
TR6573|c0_g1	 PF16095.2,COR
TR6574|c2_g2	 NA
TR6575|c11_g1	 NA
TR6575|c1_g1	 NA
TR6575|c3_g1	 NA
TR6575|c4_g1	 NA
TR6575|c5_g1	 NA
TR6576|c12_g1	 NA
TR6576|c26_g1	 NA
TR6576|c6_g1	 PF00002.21,7tm_2
TR6576|c6_g2	 NA
TR6576|c6_g3	 PF00002.21,7tm_2
TR6576|c7_g1	 NA
TR6576|c8_g1	 NA
TR6576|c8_g2	 PF12353.5,eIF3g;PF00076.19,RRM_1
TR6576|c9_g1	 NA
TR6577|c1_g1	 PF01391.15,Collagen
TR6577|c2_g1	 PF01391.15,Collagen
TR6577|c2_g2	 NA
TR6578|c10_g1	 NA
TR6578|c10_g2	 NA
TR6578|c11_g1	 NA
TR6578|c8_g1	 PF00909.18,Ammonium_transp
TR6580|c0_g4	 NA
TR6582|c11_g1	 NA
TR6582|c1_g1	 PF01302.22,CAP_GLY
TR6582|c3_g2	 NA
TR6582|c3_g3	 NA
TR6582|c6_g1	 PF00642.21,zf-CCCH;PF00069.22,Pkinase
TR6582|c7_g1	 NA
TR6582|c8_g1	 NA
TR6582|c9_g1	 NA
TR6583|c3_g1	 PF00097.22,zf-C3HC4;PF00643.21,zf-B_box;PF00643.21,zf-B_box;PF01436.18,NHL
TR6583|c5_g1	 PF00097.22,zf-C3HC4;PF00643.21,zf-B_box
TR6583|c8_g1	 NA
TR6584|c15_g1	 NA
TR6584|c3_g1	 NA
TR6584|c4_g1	 NA
TR6584|c5_g3	 NA
TR6584|c6_g1	 NA
TR6584|c8_g2	 NA
TR6585|c6_g1	 NA
TR6585|c6_g2	 NA
TR6585|c7_g1	 NA
TR6586|c2_g1	 NA
TR6586|c3_g1	 NA
TR6586|c4_g1	 PF00069.22,Pkinase
TR6587|c0_g1	 NA
TR6587|c10_g1	 NA
TR6587|c13_g1	 NA
TR6587|c2_g1	 NA
TR6587|c2_g2	 NA
TR6587|c5_g1	 NA
TR6587|c7_g3	 NA
TR6587|c9_g1	 NA
TR6588|c10_g1	 NA
TR6588|c11_g1	 PF13927.3,Ig_3
TR6588|c1_g2	 NA
TR6588|c6_g1	 NA
TR6588|c6_g2	 PF13927.3,Ig_3
TR6588|c7_g2	 PF13927.3,Ig_3;PF13927.3,Ig_3;PF13895.3,Ig_2;PF13927.3,Ig_3
TR6588|c7_g4	 PF13895.3,Ig_2;PF13927.3,Ig_3
TR6588|c9_g1	 NA
TR6589|c10_g2	 NA
TR6589|c10_g3	 NA
TR6589|c14_g1	 NA
TR6589|c17_g1	 NA
TR6589|c23_g1	 NA
TR6589|c27_g1	 NA
TR6589|c5_g2	 PF06041.8,DUF924
TR6589|c9_g1	 PF11834.5,KHA;PF02214.19,BTB_2;PF00805.19,Pentapeptide;PF00805.19,Pentapeptide
TR6589|c9_g2	 NA
TR6590|c4_g2	 NA
TR6590|c5_g2	 NA
TR6590|c5_g3	 NA
TR6590|c5_g6	 NA
TR6591|c4_g1	 PF09588.7,YqaJ;PF02338.16,OTU
TR6591|c5_g1	 PF00665.23,rve;PF07727.11,RVT_2;PF14244.3,Retrotran_gag_3;PF14223.3,Retrotran_gag_2;PF00098.20,zf-CCHC;PF13976.3,gag_pre-integrs;PF00665.23,rve
TR6591|c5_g2	 NA
TR6593|c0_g4	 NA
TR6594|c15_g1	 NA
TR6594|c7_g1	 NA
TR6594|c7_g2	 PF00147.15,Fibrinogen_C
TR6595|c20_g1	 NA
TR6595|c21_g1	 NA
TR6595|c3_g1	 NA
TR6595|c7_g1	 PF02466.16,Tim17
TR6595|c9_g1	 NA
TR6595|c9_g3	 NA
TR6596|c3_g3	 NA
TR6596|c5_g1	 NA
TR6597|c2_g1	 PF07679.13,I-set
TR6597|c2_g3	 NA
TR6597|c4_g1	 NA
TR6599|c1_g1	 PF09398.7,FOP_dimer;PF13499.3,EF-hand_7
TR6599|c2_g2	 NA
TR6599|c2_g3	 PF05585.9,DUF1758
TR6599|c2_g5	 PF05380.10,Peptidase_A17
TR659|c0_g2	 PF00651.28,BTB;PF07707.12,BACK;PF01344.22,Kelch_1;PF01344.22,Kelch_1;PF01344.22,Kelch_1;PF01344.22,Kelch_1;PF07714.14,Pkinase_Tyr
TR6600|c11_g1	 NA
TR6600|c1_g2	 NA
TR6600|c2_g2	 PF00041.18,fn3
TR6600|c4_g2	 PF00041.18,fn3
TR6600|c6_g1	 NA
TR6601|c3_g1	 NA
TR6602|c2_g1	 NA
TR6602|c4_g1	 PF00063.18,Myosin_head
TR6602|c4_g2	 PF01576.16,Myosin_tail_1
TR6602|c4_g3	 NA
TR6603|c0_g1	 NA
TR6603|c1_g1	 NA
TR6603|c2_g2	 NA
TR6603|c4_g1	 PF00076.19,RRM_1
TR6604|c11_g1	 NA
TR6604|c14_g2	 PF00291.22,PALP
TR6604|c28_g1	 NA
TR6604|c30_g1	 NA
TR6604|c4_g1	 NA
TR6605|c0_g1	 NA
TR6605|c2_g1	 NA
TR6606|c0_g2	 NA
TR6606|c10_g1	 NA
TR6606|c3_g1	 PF13890.3,Rab3-GTPase_cat;PF13890.3,Rab3-GTPase_cat
TR6606|c7_g1	 NA
TR6610|c11_g1	 NA
TR6610|c12_g1	 PF03088.13,Str_synth
TR6610|c13_g1	 NA
TR6610|c15_g1	 NA
TR6610|c18_g1	 NA
TR6610|c23_g1	 NA
TR6610|c7_g3	 NA
TR6610|c9_g1	 NA
TR6611|c3_g1	 NA
TR6612|c10_g1	 PF00069.22,Pkinase
TR6612|c3_g1	 NA
TR6612|c4_g1	 NA
TR6612|c4_g2	 PF00069.22,Pkinase
TR6612|c4_g4	 PF00069.22,Pkinase
TR6613|c0_g1	 NA
TR6613|c0_g2	 NA
TR6613|c1_g1	 NA
TR6613|c2_g1	 PF06963.9,FPN1
TR6613|c3_g1	 NA
TR6613|c3_g2	 PF04045.11,P34-Arc
TR6613|c4_g1	 PF06963.9,FPN1
TR6613|c7_g1	 NA
TR6615|c12_g2	 NA
TR6615|c13_g2	 NA
TR6615|c16_g1	 NA
TR6615|c17_g1	 NA
TR6615|c3_g1	 NA
TR6615|c8_g1	 NA
TR6616|c1_g4	 NA
TR6617|c0_g1	 NA
TR6617|c1_g2	 PF03104.16,DNA_pol_B_exo1
TR6618|c11_g1	 PF03184.16,DDE_1
TR6618|c3_g2	 NA
TR6618|c4_g2	 NA
TR6618|c7_g1	 NA
TR6618|c7_g3	 PF09124.7,Endonuc-dimeris
TR6618|c7_g4	 NA
TR6618|c8_g1	 PF00665.23,rve
TR6619|c3_g2	 NA
TR6619|c3_g4	 PF12796.4,Ank_2;PF12796.4,Ank_2;PF00023.27,Ank;PF12796.4,Ank_2;PF12796.4,Ank_2;PF00023.27,Ank;PF12796.4,Ank_2;PF12796.4,Ank_2
TR6620|c0_g1	 PF00005.24,ABC_tran
TR6620|c0_g3	 NA
TR6620|c0_g4	 PF12698.4,ABC2_membrane_3;PF00005.24,ABC_tran
TR6621|c0_g5	 PF12624.4,Chorein_N;PF16908.2,VPS13;PF16910.2,VPS13_mid_rpt
TR6623|c0_g1	 NA
TR6623|c4_g2	 PF00168.27,C2
TR6623|c5_g1	 PF07679.13,I-set;PF00041.18,fn3
TR6623|c6_g1	 NA
TR6623|c7_g2	 NA
TR6623|c8_g1	 NA
TR6624|c12_g1	 NA
TR6624|c2_g1	 NA
TR6624|c2_g2	 NA
TR6624|c3_g1	 NA
TR6624|c6_g1	 NA
TR6624|c8_g2	 NA
TR6624|c8_g3	 PF00147.15,Fibrinogen_C
TR6625|c2_g1	 NA
TR6625|c3_g1	 NA
TR6625|c3_g2	 NA
TR6625|c3_g4	 NA
TR6626|c1_g2	 NA
TR6626|c1_g6	 PF00530.15,SRCR
TR6627|c0_g1	 NA
TR6627|c0_g2	 NA
TR6627|c0_g5	 NA
TR6628|c0_g1	 PF14555.3,UBA_4;PF16158.2,N_BRCA1_IG
TR6628|c0_g2	 PF14555.3,UBA_4;PF16158.2,N_BRCA1_IG
TR6628|c10_g1	 NA
TR6628|c11_g1	 NA
TR6628|c1_g1	 NA
TR6628|c2_g1	 NA
TR6628|c2_g2	 NA
TR6629|c2_g1	 NA
TR6629|c3_g3	 PF00069.22,Pkinase
TR6629|c5_g1	 NA
TR6629|c7_g1	 NA
TR6630|c2_g1	 PF01909.20,NTP_transf_2;PF03828.16,PAP_assoc
TR6630|c8_g1	 NA
TR6631|c1_g1	 PF01485.18,IBR
TR6631|c1_g2	 PF01485.18,IBR;PF01485.18,IBR
TR6631|c1_g3	 PF01485.18,IBR
TR6631|c2_g2	 NA
TR6631|c3_g1	 NA
TR6631|c3_g2	 NA
TR6631|c3_g4	 NA
TR6631|c3_g5	 NA
TR6631|c7_g1	 NA
TR6632|c0_g1	 PF05485.9,THAP
TR6632|c1_g1	 NA
TR6632|c2_g2	 NA
TR6632|c2_g5	 NA
TR6633|c15_g1	 NA
TR6633|c3_g1	 NA
TR6633|c3_g3	 NA
TR6633|c3_g4	 NA
TR6633|c5_g1	 PF00069.22,Pkinase
TR6633|c9_g1	 NA
TR6634|c0_g1	 NA
TR6634|c3_g1	 NA
TR6634|c3_g4	 PF00047.22,ig
TR6634|c8_g1	 NA
TR6635|c3_g1	 NA
TR6635|c4_g1	 NA
TR6635|c4_g4	 PF01757.19,Acyl_transf_3
TR6635|c4_g6	 NA
TR6639|c0_g1	 PF13516.3,LRR_6;PF13516.3,LRR_6
TR663|c0_g1	 NA
TR664|c0_g1	 NA
TR664|c1_g1	 PF00637.17,Clathrin
TR6656|c0_g1	 NA
TR6659|c0_g1	 NA
TR6669|c0_g2	 NA
TR666|c0_g1	 NA
TR666|c0_g2	 PF00036.29,EF-hand_1;PF13833.3,EF-hand_8
TR6672|c0_g1	 PF00170.18,bZIP_1
TR6672|c0_g2	 PF00170.18,bZIP_1
TR668|c0_g1	 NA
TR669|c0_g2	 PF01408.19,GFO_IDH_MocA;PF08635.7,ox_reductase_C
TR66|c0_g1	 NA
TR6709|c0_g1	 NA
TR6715|c0_g2	 NA
TR6715|c2_g2	 PF13848.3,Thioredoxin_6
TR6715|c4_g1	 NA
TR6716|c1_g1	 PF00909.18,Ammonium_transp;PF00909.18,Ammonium_transp
TR6717|c1_g1	 PF00246.21,Peptidase_M14
TR6719|c0_g3	 PF00612.24,IQ;PF00612.24,IQ
TR6719|c1_g1	 PF13499.3,EF-hand_7
TR671|c0_g1	 PF00069.22,Pkinase
TR6720|c0_g1	 PF00550.22,PP-binding
TR6720|c1_g2	 PF14922.3,FWWh
TR6721|c1_g1	 PF00400.29,WD40;PF00400.29,WD40
TR6722|c0_g1	 PF08241.9,Methyltransf_11
TR6722|c0_g2	 PF08241.9,Methyltransf_11
TR6723|c2_g1	 PF00112.20,Peptidase_C1;PF08127.10,Propeptide_C1;PF00112.20,Peptidase_C1
TR6723|c3_g1	 NA
TR6724|c2_g1	 NA
TR6725|c0_g1	 NA
TR6726|c0_g1	 NA
TR6727|c1_g1	 NA
TR6727|c1_g3	 PF02776.15,TPP_enzyme_N;PF00205.19,TPP_enzyme_M;PF02775.18,TPP_enzyme_C
TR6727|c2_g1	 PF00235.16,Profilin
TR6727|c5_g1	 NA
TR6728|c0_g1	 PF05699.11,Dimer_Tnp_hAT;PF14291.3,DUF4371
TR6730|c0_g1	 NA
TR6731|c0_g2	 NA
TR6732|c2_g1	 NA
TR6734|c0_g1	 PF00076.19,RRM_1;PF00076.19,RRM_1
TR6734|c0_g2	 PF00076.19,RRM_1;PF00076.19,RRM_1
TR6736|c0_g1	 PF00179.23,UQ_con
TR6736|c0_g2	 PF00179.23,UQ_con
TR6736|c2_g1	 PF03133.12,TTL
TR6736|c3_g1	 NA
TR6739|c0_g1	 PF04900.9,Fcf1
TR6740|c1_g1	 NA
TR6742|c1_g1	 NA
TR6742|c2_g1	 NA
TR6742|c2_g2	 NA
TR6742|c5_g1	 NA
TR6743|c0_g1	 PF00130.19,C1_1;PF00130.19,C1_1
TR6747|c0_g1	 PF00595.21,PDZ;PF00498.23,FHA;PF16770.2,RTT107_BRCT_5
TR6749|c0_g1	 NA
TR6749|c0_g2	 NA
TR674|c0_g1	 NA
TR674|c0_g2	 NA
TR6751|c0_g1	 NA
TR6752|c0_g1	 NA
TR6753|c1_g1	 PF04142.12,Nuc_sug_transp
TR6754|c0_g1	 PF00294.21,PfkB
TR6757|c0_g2	 NA
TR6757|c1_g1	 PF03915.10,AIP3;PF00069.22,Pkinase
TR6758|c0_g2	 PF03104.16,DNA_pol_B_exo1;PF00136.18,DNA_pol_B
TR6759|c2_g1	 PF05729.9,NACHT
TR6759|c4_g1	 NA
TR6760|c1_g1	 PF02251.15,PA28_alpha;PF02252.15,PA28_beta
TR6762|c3_g1	 NA
TR6764|c0_g3	 NA
TR6768|c2_g1	 NA
TR6770|c4_g1	 PF10584.6,Proteasome_A_N;PF00227.23,Proteasome
TR6771|c0_g2	 NA
TR6774|c0_g1	 PF00162.16,PGK
TR6775|c0_g1	 NA
TR6775|c13_g1	 NA
TR6775|c1_g1	 NA
TR6775|c2_g1	 PF13516.3,LRR_6;PF13516.3,LRR_6;PF13516.3,LRR_6;PF13516.3,LRR_6;PF13516.3,LRR_6;PF13516.3,LRR_6;PF13516.3,LRR_6;PF13516.3,LRR_6
TR6775|c3_g1	 NA
TR6775|c5_g1	 PF13516.3,LRR_6;PF13516.3,LRR_6;PF13516.3,LRR_6;PF13516.3,LRR_6;PF13516.3,LRR_6;PF13516.3,LRR_6;PF13516.3,LRR_6;PF13516.3,LRR_6
TR6775|c8_g2	 NA
TR6776|c2_g1	 NA
TR6778|c0_g2	 NA
TR6779|c1_g1	 NA
TR6779|c2_g1	 NA
TR6782|c0_g1	 PF00293.25,NUDIX
TR6784|c0_g1	 NA
TR6784|c1_g1	 NA
TR6785|c1_g1	 PF00069.22,Pkinase
TR6786|c0_g1	 PF04258.10,Peptidase_A22B
TR6788|c0_g1	 PF00078.24,RVT_1;PF00665.23,rve
TR6790|c0_g1	 NA
TR6793|c2_g2	 PF00999.18,Na_H_Exchanger
TR6794|c0_g1	 PF04130.10,Spc97_Spc98
TR6795|c1_g1	 NA
TR6796|c1_g1	 PF00069.22,Pkinase
TR6797|c0_g1	 NA
TR6799|c1_g1	 PF01928.18,CYTH
TR6799|c1_g2	 NA
TR6799|c4_g1	 NA
TR6802|c0_g2	 PF03109.13,ABC1
TR6804|c0_g1	 PF00586.21,AIRS;PF02769.19,AIRS_C
TR6805|c1_g1	 NA
TR6805|c3_g1	 NA
TR6805|c4_g1	 NA
TR6805|c5_g1	 NA
TR6806|c0_g2	 NA
TR6809|c1_g1	 PF01161.17,PBP
TR6810|c0_g3	 NA
TR6850|c0_g1	 NA
TR6860|c0_g1	 NA
TR6864|c0_g1	 NA
TR6868|c0_g1	 NA
TR6878|c0_g1	 NA
TR687|c0_g1	 PF00083.21,Sugar_tr
TR6880|c0_g2	 NA
TR6881|c0_g1	 NA
TR6885|c0_g1	 NA
TR6891|c0_g1	 PF05251.9,UPF0197
TR6892|c0_g1	 NA
TR689|c0_g1	 NA
TR6905|c0_g1	 NA
TR6915|c1_g1	 PF13499.3,EF-hand_7;PF13499.3,EF-hand_7
TR6918|c1_g1	 NA
TR6948|c1_g1	 NA
TR6955|c0_g1	 NA
TR6965|c0_g1	 PF00884.20,Sulfatase
TR6968|c0_g1	 PF13181.3,TPR_8;PF13181.3,TPR_8;PF13424.3,TPR_12
TR6978|c0_g2	 PF03184.16,DDE_1
TR6979|c1_g1	 NA
TR6985|c0_g1	 NA
TR6985|c0_g2	 PF00004.26,AAA;PF00004.26,AAA
TR6985|c3_g1	 NA
TR6987|c0_g2	 PF15256.3,SPATIAL;PF15256.3,SPATIAL
TR6988|c0_g1	 NA
TR6990|c1_g1	 NA
TR6990|c3_g1	 NA
TR6991|c1_g1	 PF00028.14,Cadherin;PF00028.14,Cadherin;PF00028.14,Cadherin;PF00028.14,Cadherin;PF00028.14,Cadherin
TR6991|c2_g1	 PF00028.14,Cadherin
TR6991|c3_g1	 PF00028.14,Cadherin
TR6992|c1_g1	 PF02146.14,SIR2;PF02146.14,SIR2
TR6993|c0_g1	 NA
TR6994|c0_g1	 PF00856.25,SET
TR6994|c0_g2	 PF00856.25,SET
TR6994|c1_g1	 NA
TR6994|c6_g1	 NA
TR6998|c1_g1	 NA
TR6998|c2_g1	 NA
TR69|c0_g1	 PF00410.16,Ribosomal_S8
TR7000|c0_g1	 NA
TR7004|c0_g1	 PF09431.7,DUF2013;PF00018.25,SH3_1;PF00018.25,SH3_1
TR7004|c0_g2	 PF00018.25,SH3_1;PF00018.25,SH3_1;PF09431.7,DUF2013
TR7004|c1_g1	 NA
TR7006|c1_g1	 NA
TR7007|c0_g2	 PF16095.2,COR;PF00069.22,Pkinase
TR7010|c0_g1	 PF00378.17,ECH_1
TR7010|c0_g2	 NA
TR7019|c0_g1	 PF08442.7,ATP-grasp_2
TR7020|c0_g2	 NA
TR7021|c0_g1	 NA
TR7023|c0_g1	 PF00431.17,CUB;PF00431.17,CUB
TR7024|c0_g2	 NA
TR7025|c0_g2	 NA
TR7031|c1_g2	 PF01454.16,MAGE
TR7031|c1_g3	 PF01454.16,MAGE
TR7033|c0_g2	 PF00270.26,DEAD;PF00271.28,Helicase_C
TR7033|c1_g1	 NA
TR7034|c0_g1	 PF08449.8,UAA;PF08449.8,UAA
TR7034|c1_g1	 NA
TR7039|c1_g1	 PF08513.8,LisH;PF10607.6,CLTH
TR7040|c0_g1	 PF13927.3,Ig_3;PF13927.3,Ig_3;PF13927.3,Ig_3;PF14704.3,DERM;PF00084.17,Sushi
TR7041|c0_g1	 PF02518.23,HATPase_c
TR7043|c0_g1	 NA
TR7043|c2_g1	 NA
TR7049|c0_g1	 PF09588.7,YqaJ
TR7050|c0_g1	 PF00656.19,Peptidase_C14
TR7052|c0_g1	 NA
TR7055|c0_g1	 PF00001.18,7tm_1
TR7055|c1_g1	 NA
TR7059|c4_g1	 NA
TR7064|c0_g1	 PF05462.8,Dicty_CAR;PF01504.15,PIP5K
TR7064|c0_g2	 PF00002.21,7tm_2;PF01504.15,PIP5K
TR7065|c0_g1	 NA
TR7065|c1_g1	 NA
TR7068|c0_g2	 NA
TR7070|c0_g1	 PF00009.24,GTP_EFTU;PF03144.22,GTP_EFTU_D2;PF14492.3,EFG_II;PF03764.15,EFG_IV;PF00679.21,EFG_C
TR7072|c0_g2	 NA
TR7072|c2_g1	 PF02176.15,zf-TRAF
TR7072|c4_g1	 NA
TR7073|c0_g1	 PF07690.13,MFS_1
TR7075|c0_g1	 PF10998.5,DUF2838
TR7075|c0_g2	 PF10998.5,DUF2838
TR708|c0_g2	 NA
TR7108|c0_g1	 NA
TR7134|c0_g1	 PF00651.28,BTB;PF00651.28,BTB;PF00071.19,Ras
TR7143|c0_g1	 NA
TR7173|c0_g1	 NA
TR7178|c0_g1	 PF00644.17,PARP
TR7195|c0_g1	 NA
TR7204|c0_g2	 PF03031.15,NIF
TR7207|c0_g1	 NA
TR7207|c1_g1	 PF05729.9,NACHT
TR7210|c0_g1	 NA
TR7214|c0_g1	 NA
TR7223|c0_g1	 NA
TR7235|c2_g1	 NA
TR7241|c1_g1	 NA
TR7253|c0_g2	 NA
TR7255|c1_g1	 NA
TR7256|c0_g1	 NA
TR7258|c0_g1	 PF13469.3,Sulfotransfer_3
TR7261|c0_g1	 NA
TR7261|c1_g1	 NA
TR7261|c2_g1	 NA
TR7262|c0_g1	 PF15511.3,CENP-T_C
TR7262|c1_g1	 NA
TR7264|c0_g1	 NA
TR7264|c2_g1	 NA
TR7285|c0_g1	 NA
TR7285|c0_g2	 NA
TR7286|c0_g1	 NA
TR7289|c0_g1	 NA
TR7291|c0_g1	 NA
TR7296|c0_g1	 PF00071.19,Ras
TR7307|c0_g1	 NA
TR7308|c0_g2	 NA
TR7315|c0_g1	 PF02064.12,MAS20
TR7315|c1_g1	 PF05916.8,Sld5
TR7319|c2_g1	 NA
TR7320|c0_g1	 PF00069.22,Pkinase
TR7320|c3_g1	 PF00069.22,Pkinase
TR7322|c0_g1	 NA
TR7329|c1_g1	 NA
TR7330|c0_g1	 PF00665.23,rve
TR7331|c1_g1	 NA
TR7332|c1_g1	 PF00415.15,RCC1;PF00415.15,RCC1;PF00415.15,RCC1;PF00415.15,RCC1;PF01363.18,FYVE;PF16457.2,PH_12;PF00415.15,RCC1;PF00415.15,RCC1
TR7332|c2_g1	 PF00035.23,dsrm;PF00035.23,dsrm;PF02137.15,A_deamin
TR7335|c0_g1	 PF08158.9,NUC130_3NT;PF05285.9,SDA1
TR7337|c0_g1	 PF01823.16,MACPF
TR7338|c0_g1	 PF01694.19,Rhomboid
TR7340|c0_g1	 PF00999.18,Na_H_Exchanger
TR7341|c0_g1	 PF00169.26,PH
TR7341|c2_g1	 PF00169.26,PH
TR7342|c0_g1	 PF02469.19,Fasciclin
TR7347|c0_g1	 PF00240.20,ubiquitin;PF00240.20,ubiquitin
TR7348|c0_g1	 PF16363.2,GDP_Man_Dehyd
TR7348|c1_g1	 NA
TR7348|c1_g2	 PF00250.15,Forkhead
TR7349|c1_g1	 NA
TR7350|c0_g2	 NA
TR7354|c0_g1	 NA
TR7356|c0_g2	 PF00400.29,WD40;PF00400.29,WD40;PF00400.29,WD40
TR7358|c0_g1	 NA
TR7360|c2_g1	 PF00069.22,Pkinase
TR7360|c2_g2	 NA
TR7361|c0_g1	 PF00069.22,Pkinase
TR7361|c0_g2	 NA
TR7362|c0_g1	 NA
TR7362|c0_g2	 PF00400.29,WD40;PF00400.29,WD40;PF00400.29,WD40;PF00400.29,WD40
TR7363|c1_g1	 PF12012.5,DUF3504
TR7364|c12_g1	 NA
TR7364|c4_g1	 PF16200.2,Band_7_C;PF01145.22,Band_7
TR7364|c5_g1	 NA
TR7365|c1_g1	 PF00169.26,PH
TR7366|c0_g1	 PF13499.3,EF-hand_7;PF00307.28,CH;PF00307.28,CH;PF00307.28,CH
TR7367|c1_g1	 PF03896.13,TRAP_alpha
TR7368|c0_g1	 NA
TR7371|c0_g1	 PF01883.16,DUF59
TR7374|c0_g1	 PF00443.26,UCH
TR7375|c0_g1	 PF06664.9,MIG-14_Wnt-bd
TR7376|c0_g1	 PF07065.11,D123
TR7377|c0_g1	 NA
TR7380|c1_g1	 NA
TR7380|c2_g1	 PF05347.12,Complex1_LYR
TR7382|c1_g2	 NA
TR7386|c0_g1	 PF00628.26,PHD;PF00385.21,Chromo;PF00176.20,SNF2_N;PF00271.28,Helicase_C;PF06465.10,DUF1087;PF06461.8,DUF1086;PF08074.8,CHDCT2
TR7387|c1_g1	 NA
TR7387|c1_g2	 NA
TR7389|c0_g2	 PF00069.22,Pkinase
TR7390|c0_g1	 PF13874.3,Nup54
TR7391|c1_g1	 NA
TR7394|c0_g2	 NA
TR7395|c0_g1	 NA
TR7396|c0_g1	 NA
TR7397|c1_g1	 NA
TR7397|c3_g1	 NA
TR7397|c4_g1	 NA
TR7398|c0_g1	 PF01138.18,RNase_PH;PF03725.12,RNase_PH_C
TR7398|c1_g1	 NA
TR7400|c3_g1	 PF02179.13,BAG
TR7401|c1_g1	 PF00118.21,Cpn60_TCP1
TR7402|c0_g1	 NA
TR7402|c4_g1	 NA
TR7404|c0_g1	 PF13927.3,Ig_3
TR7405|c1_g1	 NA
TR7405|c1_g2	 NA
TR7410|c0_g1	 PF00520.28,Ion_trans
TR7410|c0_g3	 PF00520.28,Ion_trans
TR7411|c0_g1	 PF12874.4,zf-met;PF16835.2,SF3A2
TR7414|c1_g1	 PF07650.14,KH_2;PF00189.17,Ribosomal_S3_C
TR7415|c0_g1	 NA
TR7415|c0_g2	 PF02816.15,Alpha_kinase
TR7417|c0_g1	 PF01329.16,Pterin_4a
TR741|c0_g1	 PF01678.16,DAP_epimerase;PF01678.16,DAP_epimerase
TR7420|c0_g1	 NA
TR7422|c0_g1	 NA
TR7423|c2_g1	 NA
TR7424|c0_g1	 NA
TR7426|c0_g1	 PF09311.8,Rab5-bind
TR7426|c0_g2	 PF03528.12,Rabaptin;PF09311.8,Rab5-bind
TR7427|c0_g1	 PF00291.22,PALP;PF00291.22,PALP
TR743|c0_g1	 NA
TR7460|c0_g1	 NA
TR7474|c0_g1	 NA
TR7501|c0_g1	 NA
TR7517|c0_g1	 PF01885.13,PTS_2-RNA
TR7517|c1_g1	 NA
TR7518|c0_g1	 PF07651.13,ANTH;PF01608.14,I_LWEQ
TR7518|c3_g1	 NA
TR7520|c0_g1	 PF09756.6,DDRGK
TR7523|c0_g2	 NA
TR7523|c1_g1	 NA
TR7523|c2_g1	 NA
TR7525|c0_g1	 PF00153.24,Mito_carr;PF00153.24,Mito_carr
TR7526|c1_g1	 NA
TR7526|c2_g2	 NA
TR7528|c0_g1	 NA
TR7528|c0_g2	 NA
TR7528|c1_g1	 PF03876.14,SHS2_Rpb7-N;PF08292.9,RNA_pol_Rbc25
TR7529|c0_g1	 NA
TR7529|c0_g2	 NA
TR7529|c1_g3	 PF00004.26,AAA;PF09336.7,Vps4_C
TR7530|c0_g1	 PF12796.4,Ank_2;PF07653.14,SH3_2;PF00415.15,RCC1;PF00415.15,RCC1;PF00415.15,RCC1;PF00651.28,BTB;PF00651.28,BTB
TR7537|c0_g1	 PF07690.13,MFS_1
TR7538|c0_g1	 PF00531.19,Death
TR7540|c1_g1	 NA
TR7541|c1_g1	 NA
TR7543|c0_g1	 PF07555.10,NAGidase;PF00583.22,Acetyltransf_1;PF07555.10,NAGidase
TR7543|c0_g2	 NA
TR7544|c0_g2	 NA
TR7545|c0_g1	 PF00090.16,TSP_1
TR7545|c1_g1	 PF00069.22,Pkinase
TR7545|c4_g1	 NA
TR7546|c0_g1	 NA
TR7546|c1_g1	 NA
TR7546|c2_g1	 NA
TR7546|c2_g2	 NA
TR7546|c2_g3	 NA
TR7546|c4_g1	 NA
TR7547|c0_g1	 NA
TR7548|c0_g1	 PF13445.3,zf-RING_UBOX;PF00643.21,zf-B_box;PF00630.16,Filamin;PF01436.18,NHL;PF01436.18,NHL
TR7549|c1_g1	 NA
TR7550|c0_g1	 NA
TR7551|c0_g2	 NA
TR7552|c1_g1	 PF00069.22,Pkinase;PF00069.22,Pkinase
TR7553|c1_g1	 PF08332.7,CaMKII_AD
TR7553|c2_g1	 NA
TR7554|c0_g1	 NA
TR7554|c1_g1	 NA
TR7555|c0_g1	 PF02137.15,A_deamin
TR7555|c1_g1	 NA
TR7560|c0_g1	 NA
TR7560|c0_g2	 NA
TR7561|c0_g1	 PF11802.5,CENP-K
TR7565|c0_g1	 PF00209.15,SNF;PF00209.15,SNF
TR7566|c0_g1	 NA
TR7569|c0_g1	 NA
TR7570|c0_g1	 PF00412.19,LIM;PF00412.19,LIM;PF00412.19,LIM;PF00412.19,LIM;PF00412.19,LIM
TR7572|c1_g1	 NA
TR7572|c1_g2	 NA
TR7578|c0_g1	 PF04928.14,PAP_central;PF01909.20,NTP_transf_2
TR7579|c0_g2	 NA
TR7582|c0_g1	 NA
TR7583|c1_g2	 NA
TR7584|c0_g1	 PF00025.18,Arf
TR7586|c0_g1	 NA
TR7589|c0_g1	 PF03061.19,4HBT;PF03061.19,4HBT
TR7591|c0_g1	 NA
TR7592|c0_g1	 PF02992.11,Transposase_21
TR7594|c0_g1	 PF16880.2,EHD_N;PF00350.20,Dynamin_N;PF12763.4,EF-hand_4
TR7599|c0_g1	 NA
TR7599|c1_g1	 PF00778.14,DIX;PF02377.12,Dishevelled;PF00595.21,PDZ;PF00610.18,DEP
TR7601|c1_g1	 PF01048.17,PNP_UDP_1
TR7602|c0_g1	 PF00270.26,DEAD;PF00271.28,Helicase_C
TR7603|c0_g1	 NA
TR7604|c0_g3	 NA
TR7607|c1_g1	 NA
TR7607|c3_g1	 NA
TR7609|c0_g1	 PF07258.11,HCaRG
TR7610|c0_g1	 PF01851.19,PC_rep;PF01851.19,PC_rep
TR7613|c0_g2	 NA
TR7614|c0_g1	 PF01144.20,CoA_trans;PF01144.20,CoA_trans
TR7615|c0_g1	 PF00076.19,RRM_1;PF00076.19,RRM_1;PF00076.19,RRM_1;PF00076.19,RRM_1;PF00076.19,RRM_1
TR7616|c0_g1	 PF09429.7,Wbp11
TR7616|c0_g2	 NA
TR7619|c0_g1	 NA
TR7636|c0_g2	 NA
TR763|c0_g1	 NA
TR7679|c0_g1	 NA
TR7691|c0_g1	 NA
TR7703|c1_g2	 NA
TR7703|c3_g3	 PF01411.16,tRNA-synt_2c;PF07973.11,tRNA_SAD
TR7703|c5_g1	 NA
TR7705|c0_g2	 PF10168.6,Nup88
TR7706|c10_g1	 NA
TR7706|c13_g1	 NA
TR7706|c13_g3	 NA
TR7706|c14_g1	 NA
TR7706|c15_g2	 NA
TR7706|c16_g1	 NA
TR7706|c20_g1	 NA
TR7706|c27_g1	 NA
TR7706|c2_g1	 NA
TR7706|c7_g1	 NA
TR7706|c7_g2	 NA
TR7706|c9_g1	 NA
TR7707|c11_g1	 NA
TR7707|c1_g1	 NA
TR7707|c1_g2	 NA
TR7707|c5_g2	 NA
TR7708|c4_g1	 NA
TR7708|c4_g2	 NA
TR7709|c0_g1	 NA
TR7709|c1_g1	 NA
TR7709|c4_g1	 NA
TR7709|c5_g1	 PF00008.24,EGF
TR7709|c7_g1	 PF01347.19,Vitellogenin_N
TR7710|c1_g1	 NA
TR7710|c2_g2	 NA
TR7710|c5_g1	 NA
TR7711|c0_g1	 PF01546.25,Peptidase_M20;PF07687.11,M20_dimer;PF10186.6,Atg14
TR7712|c4_g2	 PF01398.18,JAB;PF13012.3,MitMem_reg
TR7712|c5_g1	 PF00350.20,Dynamin_N;PF01031.17,Dynamin_M;PF00169.26,PH;PF02212.15,GED
TR7712|c6_g1	 NA
TR7713|c0_g2	 PF09334.8,tRNA-synt_1g;PF08264.10,Anticodon_1
TR7714|c4_g1	 NA
TR7714|c5_g2	 NA
TR7714|c6_g1	 NA
TR7714|c7_g1	 PF00076.19,RRM_1;PF00076.19,RRM_1
TR7714|c8_g3	 NA
TR7714|c9_g1	 PF00648.18,Peptidase_C2;PF01067.19,Calpain_III;PF13833.3,EF-hand_8
TR7715|c0_g2	 NA
TR7715|c6_g1	 NA
TR7716|c0_g1	 NA
TR7716|c11_g1	 NA
TR7716|c13_g1	 NA
TR7716|c15_g1	 NA
TR7716|c6_g1	 PF10477.6,EIF4E-T
TR7716|c8_g1	 NA
TR7717|c0_g1	 NA
TR7719|c0_g1	 NA
TR7719|c13_g4	 NA
TR7720|c0_g1	 NA
TR7721|c5_g1	 NA
TR7721|c8_g2	 NA
TR7721|c9_g2	 PF00651.28,BTB;PF00651.28,BTB
TR7722|c0_g1	 NA
TR7722|c1_g1	 NA
TR7722|c4_g1	 PF00625.18,Guanylate_kin
TR7723|c0_g1	 NA
TR7723|c12_g4	 PF01534.14,Frizzled
TR7723|c15_g1	 PF13920.3,zf-C3HC4_3
TR7723|c1_g2	 NA
TR7723|c23_g1	 NA
TR7723|c4_g1	 NA
TR7723|c4_g2	 PF05154.13,TM2
TR7723|c8_g1	 PF01392.19,Fz
TR7724|c10_g1	 NA
TR7724|c2_g1	 PF00289.19,Biotin_carb_N;PF02786.14,CPSase_L_D2;PF02785.16,Biotin_carb_C;PF00364.19,Biotin_lipoyl
TR7724|c4_g1	 PF03810.16,IBN_N;PF08389.9,Xpo1
TR7724|c4_g2	 NA
TR7725|c0_g1	 NA
TR7725|c10_g1	 PF00566.15,RabGAP-TBC
TR7725|c1_g1	 NA
TR7725|c6_g1	 NA
TR7725|c9_g1	 NA
TR7726|c2_g1	 NA
TR7727|c10_g1	 NA
TR7727|c11_g1	 NA
TR7727|c12_g1	 NA
TR7727|c18_g1	 NA
TR7727|c2_g1	 NA
TR7727|c6_g1	 NA
TR7727|c6_g2	 PF06428.8,Sec2p
TR7727|c7_g2	 NA
TR7727|c8_g2	 NA
TR7727|c8_g3	 NA
TR7727|c8_g4	 NA
TR7727|c8_g5	 NA
TR7727|c8_g6	 NA
TR7728|c5_g1	 NA
TR7728|c8_g1	 NA
TR7730|c0_g1	 NA
TR7730|c1_g2	 NA
TR7730|c1_g3	 NA
TR7730|c4_g1	 NA
TR7730|c5_g1	 NA
TR7730|c6_g1	 NA
TR7730|c7_g1	 NA
TR7730|c7_g2	 NA
TR7730|c8_g1	 NA
TR7731|c2_g2	 NA
TR7731|c2_g3	 NA
TR7731|c2_g5	 NA
TR7732|c5_g1	 PF12348.5,CLASP_N
TR7733|c0_g1	 PF00063.18,Myosin_head;PF00169.26,PH;PF00169.26,PH;PF00784.14,MyTH4
TR7734|c1_g1	 NA
TR7734|c1_g3	 NA
TR7734|c2_g1	 NA
TR7735|c10_g1	 PF01094.25,ANF_receptor;PF00003.19,7tm_3
TR7735|c17_g1	 PF01521.17,Fe-S_biosyn
TR7735|c21_g1	 NA
TR7735|c6_g1	 NA
TR7736|c11_g1	 NA
TR7736|c11_g2	 NA
TR7736|c11_g3	 NA
TR7736|c12_g4	 NA
TR7736|c12_g6	 NA
TR7736|c13_g1	 NA
TR7736|c15_g1	 NA
TR7736|c8_g1	 PF00530.15,SRCR
TR7737|c0_g1	 NA
TR7737|c10_g2	 NA
TR7737|c3_g2	 PF01771.14,Herpes_alk_exo
TR7737|c4_g1	 PF00102.24,Y_phosphatase;PF00102.24,Y_phosphatase
TR7737|c7_g1	 NA
TR7737|c9_g1	 PF13927.3,Ig_3;PF07679.13,I-set
TR7738|c10_g4	 PF02902.16,Peptidase_C48
TR7738|c12_g1	 NA
TR7738|c13_g1	 PF00041.18,fn3
TR7738|c13_g2	 PF07679.13,I-set;PF13908.3,Shisa
TR7738|c17_g1	 NA
TR7738|c6_g1	 NA
TR7738|c9_g1	 NA
TR7739|c2_g10	 NA
TR7739|c2_g1	 NA
TR7739|c2_g3	 NA
TR7739|c2_g4	 NA
TR7739|c2_g5	 NA
TR7739|c2_g6	 NA
TR7739|c5_g1	 NA
TR7739|c6_g1	 NA
TR7740|c0_g2	 NA
TR7740|c4_g1	 PF09368.7,Sas10
TR7740|c5_g3	 NA
TR7740|c6_g1	 PF16131.2,Torus
TR7740|c7_g2	 NA
TR7740|c8_g1	 NA
TR7740|c9_g1	 NA
TR7741|c0_g1	 PF00752.14,XPG_N;PF00867.15,XPG_I
TR7742|c12_g1	 NA
TR7742|c14_g2	 NA
TR7742|c19_g1	 NA
TR7742|c1_g2	 NA
TR7742|c21_g1	 NA
TR7742|c3_g3	 NA
TR7743|c10_g1	 NA
TR7743|c12_g1	 NA
TR7743|c4_g1	 NA
TR7743|c9_g1	 NA
TR7743|c9_g3	 NA
TR7743|c9_g4	 NA
TR7743|c9_g5	 NA
TR7744|c1_g2	 PF02738.15,Ald_Xan_dh_C2
TR7744|c1_g3	 PF02738.15,Ald_Xan_dh_C2
TR7744|c3_g1	 NA
TR7746|c1_g1	 NA
TR7747|c1_g1	 PF05485.9,THAP
TR7748|c10_g1	 NA
TR7748|c10_g2	 NA
TR7748|c11_g1	 NA
TR7748|c12_g1	 NA
TR7748|c13_g1	 NA
TR7748|c2_g1	 NA
TR7748|c4_g1	 NA
TR7749|c0_g2	 NA
TR7749|c4_g1	 PF00270.26,DEAD;PF00271.28,Helicase_C;PF04408.20,HA2;PF07717.13,OB_NTP_bind
TR7749|c4_g3	 NA
TR7749|c7_g1	 NA
TR7750|c5_g1	 NA
TR7751|c1_g2	 NA
TR7752|c10_g1	 NA
TR7752|c11_g1	 NA
TR7752|c22_g1	 NA
TR7752|c3_g3	 NA
TR7752|c9_g1	 NA
TR7753|c12_g2	 NA
TR7753|c12_g3	 NA
TR7753|c4_g1	 NA
TR7753|c6_g1	 NA
TR7753|c9_g1	 NA
TR7754|c1_g1	 NA
TR7754|c2_g3	 PF12661.4,hEGF;PF12661.4,hEGF;PF12661.4,hEGF;PF01753.15,zf-MYND;PF01753.15,zf-MYND
TR7754|c2_g4	 PF01833.21,TIG
TR7754|c3_g1	 NA
TR7755|c1_g1	 NA
TR7755|c6_g1	 PF00610.18,DEP;PF00255.16,GSHPx;PF00255.16,GSHPx
TR7755|c9_g1	 NA
TR7756|c0_g1	 NA
TR7757|c1_g1	 PF00665.23,rve
TR7759|c6_g3	 NA
TR7759|c6_g4	 PF00169.26,PH;PF00388.16,PI-PLC-X
TR7760|c2_g1	 PF06119.11,NIDO;PF07679.13,I-set;PF00047.22,ig;PF00047.22,ig;PF02793.19,HRM
TR7760|c2_g2	 PF06119.11,NIDO
TR7761|c5_g1	 PF00106.22,adh_short
TR7761|c6_g1	 PF00106.22,adh_short
TR7761|c7_g1	 NA
TR7762|c3_g2	 PF13965.3,SID-1_RNA_chan
TR7762|c5_g1	 NA
TR7762|c6_g1	 NA
TR7763|c1_g1	 NA
TR7763|c2_g1	 NA
TR7763|c3_g1	 PF09011.7,HMG_box_2;PF02946.11,GTF2I
TR7763|c4_g1	 PF04548.13,AIG1
TR7763|c4_g2	 NA
TR7763|c6_g1	 NA
TR7763|c8_g1	 NA
TR7764|c2_g1	 NA
TR7764|c3_g1	 PF02678.13,Pirin;PF05726.10,Pirin_C
TR7764|c6_g1	 NA
TR7764|c6_g4	 NA
TR7765|c12_g1	 NA
TR7765|c3_g1	 NA
TR7765|c6_g1	 PF06325.10,PrmA
TR7765|c7_g2	 NA
TR7765|c9_g1	 NA
TR7766|c1_g1	 NA
TR7766|c1_g2	 NA
TR7766|c7_g1	 NA
TR7768|c1_g2	 NA
TR7768|c3_g1	 NA
TR7768|c3_g2	 NA
TR7769|c0_g1	 PF13927.3,Ig_3;PF13519.3,VWA_2
TR7769|c0_g2	 PF13927.3,Ig_3;PF00057.15,Ldl_recept_a;PF00057.15,Ldl_recept_a;PF07679.13,I-set
TR776|c0_g1	 NA
TR7771|c0_g2	 PF12624.4,Chorein_N
TR7771|c0_g3	 PF12624.4,Chorein_N
TR7772|c0_g2	 NA
TR7772|c3_g1	 NA
TR7772|c5_g3	 NA
TR7772|c6_g1	 NA
TR7772|c6_g3	 NA
TR7774|c0_g2	 PF12796.4,Ank_2
TR7774|c0_g3	 NA
TR7774|c1_g1	 PF03126.15,Plus-3
TR7774|c1_g2	 NA
TR7775|c0_g1	 PF03564.12,DUF1759;PF00078.24,RVT_1;PF05380.10,Peptidase_A17;PF00665.23,rve
TR7775|c0_g2	 NA
TR7776|c0_g1	 NA
TR7776|c1_g1	 PF06413.8,Neugrin
TR7776|c1_g2	 NA
TR7776|c1_g3	 NA
TR7776|c1_g4	 NA
TR7776|c2_g1	 NA
TR7778|c0_g1	 PF00406.19,ADK
TR7778|c0_g2	 PF00406.19,ADK
TR7778|c2_g1	 NA
TR7778|c4_g1	 PF08711.8,Med26
TR7779|c1_g1	 NA
TR7780|c4_g1	 NA
TR7780|c4_g2	 PF04004.10,Leo1
TR7780|c5_g1	 NA
TR7781|c11_g1	 NA
TR7781|c20_g1	 NA
TR7781|c2_g2	 NA
TR7782|c1_g3	 PF03160.11,Calx-beta;PF03160.11,Calx-beta
TR7782|c2_g1	 PF03160.11,Calx-beta;PF03160.11,Calx-beta;PF03160.11,Calx-beta
TR7782|c2_g2	 NA
TR7782|c3_g1	 NA
TR7783|c1_g1	 NA
TR7783|c1_g2	 NA
TR7783|c2_g4	 NA
TR7784|c2_g1	 PF00071.19,Ras
TR7785|c10_g2	 NA
TR7785|c11_g2	 NA
TR7785|c16_g1	 NA
TR7785|c2_g1	 NA
TR7785|c8_g1	 NA
TR7785|c9_g2	 PF00443.26,UCH;PF00443.26,UCH
TR7786|c11_g3	 PF13086.3,AAA_11;PF13086.3,AAA_11;PF13087.3,AAA_12
TR7786|c14_g1	 NA
TR7786|c2_g1	 NA
TR7786|c3_g1	 NA
TR7786|c9_g1	 NA
TR7787|c1_g1	 NA
TR7787|c2_g1	 PF05282.8,AAR2
TR7787|c3_g1	 PF16561.2,AMPK1_CBM;PF04739.12,AMPKBI
TR7787|c4_g3	 PF11942.5,Spt5_N;PF03439.10,Spt5-NGN;PF00467.26,KOW;PF00467.26,KOW
TR7788|c5_g1	 PF07714.14,Pkinase_Tyr
TR7788|c5_g2	 PF07714.14,Pkinase_Tyr
TR7788|c5_g3	 NA
TR7789|c1_g1	 NA
TR7789|c5_g1	 PF05485.9,THAP;PF13613.3,HTH_Tnp_4;PF13359.3,DDE_Tnp_4
TR7790|c11_g1	 NA
TR7790|c14_g1	 NA
TR7790|c2_g3	 PF00854.18,PTR2
TR7790|c4_g1	 PF00626.19,Gelsolin;PF00626.19,Gelsolin;PF00626.19,Gelsolin;PF00626.19,Gelsolin;PF00626.19,Gelsolin;PF00626.19,Gelsolin;PF02209.16,VHP
TR7790|c5_g1	 PF00854.18,PTR2
TR7790|c5_g2	 PF00854.18,PTR2
TR7792|c13_g1	 NA
TR7792|c14_g1	 NA
TR7792|c2_g1	 NA
TR7792|c4_g1	 NA
TR7792|c4_g2	 NA
TR7792|c5_g1	 PF00628.26,PHD
TR7792|c7_g1	 NA
TR7792|c7_g3	 NA
TR7792|c8_g5	 NA
TR7794|c0_g1	 NA
TR7794|c0_g2	 NA
TR7794|c1_g1	 NA
TR7794|c1_g2	 NA
TR7795|c0_g1	 NA
TR7796|c2_g2	 PF00307.28,CH
TR7796|c4_g1	 NA
TR7797|c2_g1	 PF00078.24,RVT_1
TR7797|c2_g3	 NA
TR7798|c1_g1	 NA
TR7798|c2_g1	 PF00400.29,WD40
TR7798|c3_g1	 NA
TR7799|c1_g1	 NA
TR7800|c15_g1	 NA
TR7800|c1_g2	 NA
TR7800|c3_g1	 NA
TR7800|c4_g1	 NA
TR7800|c5_g2	 NA
TR7800|c6_g1	 PF07714.14,Pkinase_Tyr
TR7802|c10_g1	 NA
TR7802|c13_g1	 NA
TR7802|c3_g1	 NA
TR7802|c9_g1	 NA
TR7802|c9_g2	 NA
TR7802|c9_g3	 NA
TR7805|c0_g2	 PF00156.24,Pribosyltran
TR7815|c0_g1	 NA
TR7815|c0_g2	 NA
TR7818|c1_g1	 NA
TR7820|c1_g1	 NA
TR7824|c0_g1	 PF13432.3,TPR_16;PF00018.25,SH3_1
TR7827|c0_g1	 NA
TR782|c0_g1	 NA
TR7836|c0_g1	 NA
TR7838|c0_g1	 PF02628.12,COX15-CtaA
TR7839|c0_g1	 NA
TR7845|c0_g1	 PF00854.18,PTR2
TR7850|c0_g2	 NA
TR7862|c0_g2	 NA
TR7867|c0_g2	 NA
TR7868|c0_g1	 PF02190.13,LON_substr_bdg;PF00004.26,AAA;PF05362.10,Lon_C
TR7870|c2_g2	 PF00504.18,Chloroa_b-bind
TR7872|c0_g1	 PF00364.19,Biotin_lipoyl
TR7872|c1_g1	 PF00364.19,Biotin_lipoyl;PF02817.14,E3_binding;PF00198.20,2-oxoacid_dh
TR7875|c1_g1	 NA
TR7876|c0_g2	 NA
TR7876|c2_g1	 NA
TR7877|c2_g1	 PF09405.7,Btz
TR7877|c2_g2	 NA
TR7878|c0_g2	 NA
TR7879|c0_g1	 PF00782.17,DSPc;PF10409.6,PTEN_C2
TR7880|c3_g1	 NA
TR7881|c0_g1	 NA
TR7881|c0_g2	 PF12796.4,Ank_2;PF12796.4,Ank_2;PF12796.4,Ank_2
TR7882|c0_g2	 PF04802.12,SMK-1
TR7883|c1_g1	 NA
TR7884|c2_g1	 NA
TR7885|c1_g1	 PF08557.7,Lipid_DES;PF00487.21,FA_desaturase
TR7885|c1_g2	 PF08557.7,Lipid_DES;PF00487.21,FA_desaturase
TR7886|c0_g1	 NA
TR7887|c0_g1	 PF00362.15,Integrin_beta;PF08725.8,Integrin_b_cyt
TR7888|c0_g1	 NA
TR7890|c0_g1	 NA
TR7890|c1_g1	 NA
TR7890|c3_g1	 NA
TR7894|c0_g1	 NA
TR7896|c3_g1	 NA
TR7898|c0_g1	 PF02518.23,HATPase_c;PF00183.15,HSP90
TR7898|c0_g2	 PF02518.23,HATPase_c
TR7899|c1_g1	 NA
TR7899|c2_g2	 PF08516.9,ADAM_CR;PF07974.10,EGF_2;PF01562.16,Pep_M12B_propep;PF01421.16,Reprolysin
TR7900|c0_g1	 PF00628.26,PHD;PF02008.17,zf-CXXC;PF12269.5,zf-CpG_bind_C
TR7900|c1_g1	 PF00628.26,PHD;PF02008.17,zf-CXXC;PF02008.17,zf-CXXC
TR7901|c0_g1	 NA
TR7901|c1_g1	 PF01261.21,AP_endonuc_2
TR7902|c0_g1	 NA
TR7903|c0_g1	 PF00709.18,Adenylsucc_synt
TR7905|c1_g1	 PF03953.14,Tubulin_C
TR7905|c1_g2	 PF00091.22,Tubulin
TR7905|c2_g1	 NA
TR7906|c0_g2	 PF07690.13,MFS_1
TR7908|c2_g3	 NA
TR790|c0_g1	 NA
TR7912|c0_g1	 PF00621.17,RhoGEF
TR7913|c1_g2	 NA
TR7914|c0_g1	 PF00096.23,zf-C2H2;PF12874.4,zf-met;PF12874.4,zf-met
TR7915|c0_g1	 NA
TR7916|c1_g1	 NA
TR7916|c3_g2	 PF12796.4,Ank_2;PF12796.4,Ank_2;PF12796.4,Ank_2;PF12796.4,Ank_2;PF08477.10,Roc
TR7916|c4_g1	 PF09088.8,MIF4G_like;PF09090.8,MIF4G_like_2;PF02854.16,MIF4G
TR7916|c4_g2	 PF02854.16,MIF4G
TR7916|c6_g1	 NA
TR7919|c0_g1	 NA
TR7919|c0_g2	 NA
TR7919|c1_g1	 PF00083.21,Sugar_tr;PF00083.21,Sugar_tr
TR7919|c2_g1	 NA
TR7922|c0_g1	 NA
TR7922|c1_g1	 NA
TR7923|c0_g1	 PF00076.19,RRM_1;PF00250.15,Forkhead
TR7923|c1_g1	 NA
TR7925|c0_g1	 PF00008.24,EGF;PF12661.4,hEGF;PF12661.4,hEGF;PF00008.24,EGF;PF00008.24,EGF;PF01457.13,Peptidase_M8;PF00008.24,EGF;PF00008.24,EGF;PF00008.24,EGF;PF00008.24,EGF;PF00008.24,EGF
TR7925|c0_g2	 PF01457.13,Peptidase_M8;PF12661.4,hEGF;PF00008.24,EGF;PF00008.24,EGF;PF00008.24,EGF;PF00008.24,EGF;PF00008.24,EGF;PF12661.4,hEGF;PF12661.4,hEGF
TR7925|c2_g1	 PF04083.13,Abhydro_lipase
TR7927|c0_g1	 PF13469.3,Sulfotransfer_3
TR7927|c0_g2	 NA
TR7928|c1_g2	 PF00664.20,ABC_membrane
TR7928|c2_g1	 NA
TR7929|c0_g1	 PF00102.24,Y_phosphatase;PF00102.24,Y_phosphatase
TR7931|c0_g1	 NA
TR7934|c1_g1	 NA
TR7935|c1_g1	 PF00300.19,His_Phos_1
TR7936|c0_g1	 NA
TR7941|c4_g1	 NA
TR7941|c8_g1	 NA
TR7942|c11_g1	 NA
TR7942|c12_g1	 NA
TR7942|c13_g1	 PF08477.10,Roc
TR7942|c2_g1	 PF16095.2,COR
TR7942|c7_g1	 NA
TR7943|c0_g1	 NA
TR7943|c1_g2	 NA
TR7943|c2_g3	 NA
TR7944|c1_g1	 NA
TR7945|c0_g2	 PF14932.3,HAUS-augmin3
TR7947|c0_g1	 PF01709.17,Transcrip_reg
TR7948|c0_g1	 NA
TR7949|c5_g1	 NA
TR7949|c6_g1	 NA
TR7950|c1_g1	 NA
TR7951|c0_g1	 PF07714.14,Pkinase_Tyr
TR7953|c0_g2	 NA
TR7953|c1_g1	 NA
TR7953|c1_g2	 PF00685.24,Sulfotransfer_1
TR7954|c3_g1	 PF00028.14,Cadherin;PF00028.14,Cadherin;PF00028.14,Cadherin;PF00028.14,Cadherin;PF00028.14,Cadherin
TR7954|c4_g1	 PF00028.14,Cadherin
TR7956|c0_g2	 NA
TR7957|c0_g1	 PF02230.13,Abhydrolase_2
TR7958|c4_g1	 NA
TR7958|c5_g1	 NA
TR7958|c8_g1	 NA
TR7960|c0_g3	 PF00891.15,Methyltransf_2
TR7961|c0_g1	 PF02585.14,PIG-L
TR7961|c0_g2	 NA
TR7961|c1_g1	 PF00806.16,PUF;PF00806.16,PUF;PF00806.16,PUF
TR7961|c1_g2	 PF00806.16,PUF;PF00806.16,PUF;PF00806.16,PUF;PF00806.16,PUF;PF00806.16,PUF
TR7962|c0_g1	 NA
TR7962|c1_g2	 PF10271.6,Tmp39
TR7963|c0_g1	 NA
TR7963|c1_g1	 PF00009.24,GTP_EFTU;PF06421.9,LepA_C;PF00679.21,EFG_C
TR7964|c0_g1	 NA
TR7964|c4_g1	 NA
TR7965|c0_g1	 PF06212.9,GRIM-19;PF02881.16,SRP54_N;PF00448.19,SRP54
TR7966|c0_g1	 PF00481.18,PP2C
TR7970|c1_g1	 NA
TR7986|c0_g1	 NA
TR8003|c0_g1	 NA
TR803|c0_g1	 NA
TR8071|c0_g1	 PF07324.8,DGCR6
TR8075|c0_g2	 NA
TR8094|c0_g1	 NA
TR8099|c0_g1	 NA
TR8099|c1_g1	 NA
TR8101|c0_g1	 NA
TR8124|c0_g1	 PF00651.28,BTB;PF07707.12,BACK
TR8124|c0_g2	 NA
TR8133|c0_g1	 NA
TR8133|c1_g1	 NA
TR814|c0_g1	 PF00179.23,UQ_con
TR8154|c0_g1	 NA
TR8159|c0_g1	 NA
TR8163|c0_g1	 NA
TR8191|c0_g1	 NA
TR81|c0_g1	 NA
TR8215|c0_g1	 NA
TR8235|c0_g1	 NA
TR8246|c0_g1	 PF00676.17,E1_dh
TR8247|c0_g1	 NA
TR8248|c1_g1	 PF09588.7,YqaJ
TR8251|c4_g1	 NA
TR8252|c0_g1	 PF00389.27,2-Hacid_dh;PF02826.16,2-Hacid_dh_C
TR8253|c0_g1	 PF10568.6,Tom37
TR8255|c1_g2	 NA
TR8256|c0_g1	 PF12796.4,Ank_2;PF12796.4,Ank_2
TR8256|c1_g1	 PF03009.14,GDPD
TR8256|c1_g2	 PF03009.14,GDPD
TR8256|c2_g1	 NA
TR8256|c3_g1	 NA
TR8258|c0_g1	 PF00439.22,Bromodomain;PF12024.5,DUF3512
TR8258|c1_g1	 NA
TR8258|c2_g1	 NA
TR8260|c0_g2	 NA
TR8261|c1_g1	 NA
TR8263|c0_g1	 PF03868.12,Ribosomal_L6e_N;PF01159.16,Ribosomal_L6e
TR8264|c0_g2	 PF04810.12,zf-Sec23_Sec24;PF04811.12,Sec23_trunk;PF08033.9,Sec23_BS;PF04815.12,Sec23_helical;PF00626.19,Gelsolin;PF00373.15,FERM_M;PF00169.26,PH
TR8265|c0_g1	 NA
TR8266|c0_g1	 PF04212.15,MIT;PF16565.2,MIT_C
TR8267|c0_g1	 PF10165.6,Ric8
TR8267|c1_g1	 NA
TR8268|c0_g1	 PF06320.10,GCN5L1
TR8269|c0_g1	 NA
TR8269|c0_g2	 NA
TR8271|c0_g1	 PF05241.9,EBP
TR8272|c0_g2	 PF13864.3,Enkurin
TR8273|c1_g1	 NA
TR8275|c0_g1	 PF04193.11,PQ-loop;PF04193.11,PQ-loop
TR8276|c1_g1	 PF01061.21,ABC2_membrane
TR8276|c2_g1	 PF01061.21,ABC2_membrane
TR8277|c2_g1	 NA
TR8279|c0_g1	 PF13041.3,PPR_2
TR8279|c1_g1	 PF10240.6,DUF2464;PF03456.15,uDENN;PF02141.18,DENN;PF03455.16,dDENN
TR8281|c0_g1	 NA
TR8282|c2_g1	 NA
TR8288|c0_g2	 PF10178.6,PAC3
TR8292|c0_g1	 PF15753.2,BLOC1S3
TR8293|c1_g1	 NA
TR8293|c2_g1	 NA
TR8293|c2_g2	 NA
TR8294|c0_g1	 NA
TR8295|c2_g1	 NA
TR8298|c0_g1	 NA
TR8300|c0_g1	 NA
TR8300|c0_g2	 NA
TR8301|c1_g1	 PF12937.4,F-box-like
TR8302|c0_g1	 NA
TR8303|c3_g1	 NA
TR8304|c0_g2	 PF13733.3,Glyco_transf_7N;PF02709.11,Glyco_transf_7C
TR8305|c2_g1	 NA
TR8307|c0_g2	 NA
TR8308|c0_g1	 NA
TR8311|c0_g1	 NA
TR8312|c1_g1	 NA
TR8315|c0_g1	 PF00530.15,SRCR
TR8320|c1_g1	 NA
TR8324|c3_g2	 NA
TR8325|c0_g1	 PF00621.17,RhoGEF;PF00169.26,PH;PF01363.18,FYVE;PF00169.26,PH
TR8328|c1_g1	 PF07766.10,LETM1
TR8328|c1_g2	 PF07766.10,LETM1
TR8330|c1_g1	 NA
TR8331|c1_g1	 PF02096.17,60KD_IMP
TR8334|c1_g2	 NA
TR8336|c0_g1	 PF14382.3,ECR1_N;PF10447.6,EXOSC1
TR8339|c0_g1	 NA
TR8342|c0_g1	 PF00957.18,Synaptobrevin
TR8343|c0_g1	 NA
TR8343|c1_g3	 NA
TR8387|c0_g1	 NA
TR8394|c0_g1	 NA
TR8404|c0_g1	 NA
TR8408|c0_g1	 NA
TR8417|c0_g1	 NA
TR8425|c0_g1	 NA
TR8430|c0_g1	 NA
TR8433|c0_g1	 NA
TR8436|c0_g1	 NA
TR8453|c0_g2	 PF00794.15,PI3K_rbd;PF00792.21,PI3K_C2;PF00613.17,PI3Ka;PF00454.24,PI3_PI4_kinase;PF00787.21,PX
TR8454|c1_g1	 PF12796.4,Ank_2;PF00023.27,Ank;PF16095.2,COR
TR8454|c1_g2	 NA
TR8455|c0_g2	 PF00083.21,Sugar_tr
TR8455|c0_g3	 PF13639.3,zf-RING_2
TR8455|c0_g4	 NA
TR8456|c12_g1	 NA
TR8456|c1_g1	 PF01302.22,CAP_GLY;PF01302.22,CAP_GLY
TR8456|c5_g1	 NA
TR8456|c6_g1	 NA
TR8456|c6_g3	 NA
TR8456|c6_g4	 NA
TR8456|c7_g1	 NA
TR8457|c2_g2	 NA
TR8457|c3_g1	 NA
TR8457|c4_g1	 NA
TR8457|c4_g2	 NA
TR8457|c5_g2	 PF14631.3,FancD2
TR8457|c5_g3	 PF14631.3,FancD2
TR8458|c2_g1	 NA
TR8458|c2_g2	 NA
TR8459|c11_g1	 PF05544.8,Pro_racemase
TR8459|c11_g3	 PF05544.8,Pro_racemase
TR8459|c13_g1	 NA
TR8459|c14_g1	 NA
TR8459|c17_g1	 NA
TR8459|c3_g1	 NA
TR8459|c4_g1	 NA
TR8459|c8_g1	 PF03357.18,Snf7
TR8459|c9_g1	 NA
TR8460|c3_g2	 NA
TR8460|c4_g1	 PF05761.11,5_nucleotid
TR8460|c4_g3	 NA
TR8460|c5_g1	 NA
TR8462|c0_g1	 NA
TR8462|c3_g2	 NA
TR8462|c6_g1	 NA
TR8462|c6_g2	 NA
TR8462|c7_g1	 NA
TR8463|c14_g1	 NA
TR8463|c3_g1	 NA
TR8463|c5_g1	 NA
TR8463|c7_g1	 PF01571.18,GCV_T;PF08669.8,GCV_T_C
TR8463|c8_g1	 NA
TR8464|c10_g1	 NA
TR8464|c1_g1	 NA
TR8464|c3_g1	 NA
TR8464|c7_g1	 NA
TR8465|c0_g1	 PF06470.10,SMC_hinge;PF02463.16,SMC_N
TR8465|c0_g2	 PF02463.16,SMC_N;PF06470.10,SMC_hinge
TR8466|c0_g1	 PF00069.22,Pkinase
TR8466|c1_g1	 PF05970.11,PIF1
TR8466|c1_g3	 PF05970.11,PIF1
TR8467|c19_g1	 NA
TR8467|c2_g1	 NA
TR8467|c5_g4	 NA
TR8468|c6_g1	 PF05199.10,GMC_oxred_C
TR8468|c8_g2	 PF00078.24,RVT_1
TR8469|c1_g2	 NA
TR8469|c4_g1	 NA
TR8469|c4_g2	 NA
TR8469|c4_g3	 NA
TR8469|c4_g4	 NA
TR8469|c6_g1	 NA
TR8470|c7_g1	 NA
TR8470|c8_g1	 NA
TR8471|c15_g1	 NA
TR8471|c16_g1	 NA
TR8471|c1_g1	 NA
TR8471|c2_g1	 PF00271.28,Helicase_C
TR8471|c3_g2	 NA
TR8471|c4_g1	 NA
TR8471|c5_g2	 PF01852.16,START
TR8471|c5_g3	 NA
TR8471|c6_g1	 NA
TR8471|c6_g2	 PF01266.21,DAO;PF16901.2,DAO_C
TR8471|c8_g1	 PF00270.26,DEAD
TR8472|c10_g1	 NA
TR8472|c12_g1	 NA
TR8472|c19_g1	 NA
TR8472|c2_g2	 NA
TR8472|c3_g1	 NA
TR8472|c5_g1	 NA
TR8472|c5_g2	 NA
TR8472|c8_g1	 PF07576.9,BRAP2;PF00583.22,Acetyltransf_1
TR8472|c9_g2	 NA
TR8473|c4_g1	 NA
TR8473|c4_g2	 NA
TR8473|c4_g3	 PF00773.16,RNB
TR8473|c4_g4	 PF00773.16,RNB
TR8474|c3_g1	 PF16203.2,ERCC3_RAD25_C
TR8474|c3_g2	 PF13625.3,Helicase_C_3;PF04851.12,ResIII;PF16203.2,ERCC3_RAD25_C
TR8475|c2_g2	 PF00293.25,NUDIX
TR8475|c3_g2	 NA
TR8475|c9_g1	 NA
TR8475|c9_g2	 NA
TR8477|c4_g1	 PF12171.5,zf-C2H2_jaz
TR8477|c5_g1	 PF05334.10,DUF719
TR8477|c6_g1	 PF00792.21,PI3K_C2;PF00613.17,PI3Ka
TR8477|c6_g2	 PF00613.17,PI3Ka;PF00454.24,PI3_PI4_kinase;PF00454.24,PI3_PI4_kinase
TR8477|c7_g1	 NA
TR8478|c11_g1	 NA
TR8478|c3_g1	 NA
TR8478|c4_g1	 PF00078.24,RVT_1
TR8479|c10_g1	 NA
TR8479|c14_g1	 NA
TR8479|c15_g1	 NA
TR8479|c6_g1	 NA
TR8479|c9_g1	 PF04063.11,DUF383;PF04064.10,DUF384
TR8480|c0_g2	 NA
TR8480|c10_g1	 NA
TR8480|c11_g2	 PF02214.19,BTB_2
TR8480|c15_g1	 NA
TR8480|c23_g1	 NA
TR8480|c24_g1	 NA
TR8480|c4_g1	 PF01266.21,DAO
TR8480|c5_g1	 NA
TR8481|c3_g1	 PF00994.21,MoCF_biosynth;PF03453.14,MoeA_N;PF00994.21,MoCF_biosynth
TR8482|c0_g1	 PF07714.14,Pkinase_Tyr;PF01344.22,Kelch_1
TR8482|c10_g1	 NA
TR8482|c10_g2	 PF00069.22,Pkinase;PF01344.22,Kelch_1
TR8482|c11_g1	 PF00069.22,Pkinase
TR8482|c12_g1	 NA
TR8482|c14_g1	 NA
TR8482|c15_g1	 PF00069.22,Pkinase;PF01344.22,Kelch_1
TR8482|c16_g1	 NA
TR8482|c1_g1	 NA
TR8482|c4_g1	 NA
TR8482|c5_g1	 PF07714.14,Pkinase_Tyr
TR8482|c9_g1	 PF01344.22,Kelch_1
TR8483|c0_g1	 NA
TR8483|c10_g1	 NA
TR8483|c12_g2	 NA
TR8483|c14_g1	 NA
TR8483|c17_g1	 NA
TR8483|c1_g1	 PF01048.17,PNP_UDP_1
TR8483|c1_g2	 PF01048.17,PNP_UDP_1
TR8483|c2_g1	 NA
TR8483|c2_g2	 NA
TR8483|c5_g1	 NA
TR8483|c7_g2	 NA
TR8485|c0_g1	 NA
TR8485|c1_g1	 NA
TR8485|c1_g4	 PF13895.3,Ig_2
TR8485|c2_g1	 NA
TR8486|c0_g1	 PF15024.3,Glyco_transf_18
TR8486|c1_g1	 NA
TR8486|c1_g3	 NA
TR8487|c0_g1	 PF07679.13,I-set;PF07679.13,I-set
TR8488|c1_g1	 PF07714.14,Pkinase_Tyr
TR8488|c2_g1	 NA
TR8489|c0_g1	 NA
TR8489|c10_g1	 NA
TR8489|c1_g1	 NA
TR8489|c3_g1	 NA
TR8489|c4_g1	 NA
TR8489|c7_g1	 NA
TR8489|c9_g3	 NA
TR8490|c11_g1	 PF15359.3,CDV3
TR8490|c16_g1	 NA
TR8490|c20_g1	 NA
TR8490|c9_g2	 PF00536.27,SAM_1
TR8491|c0_g2	 PF02854.16,MIF4G
TR8491|c0_g4	 NA
TR8492|c1_g1	 PF05729.9,NACHT
TR8494|c0_g1	 NA
TR8494|c10_g1	 NA
TR8494|c7_g2	 NA
TR8495|c0_g1	 PF01757.19,Acyl_transf_3
TR8496|c0_g1	 NA
TR8496|c12_g1	 NA
TR8496|c18_g1	 NA
TR8496|c1_g3	 NA
TR8496|c24_g1	 NA
TR8496|c25_g1	 NA
TR8496|c2_g1	 NA
TR8496|c5_g1	 NA
TR8497|c1_g2	 NA
TR8497|c2_g1	 NA
TR8497|c3_g1	 PF00254.25,FKBP_C
TR8499|c5_g1	 NA
TR84|c0_g1	 PF10268.6,Tmemb_161AB
TR8500|c14_g1	 NA
TR8500|c1_g2	 NA
TR8501|c10_g1	 PF03184.16,DDE_1
TR8501|c14_g1	 NA
TR8501|c15_g1	 NA
TR8501|c17_g1	 NA
TR8501|c22_g1	 NA
TR8501|c4_g1	 NA
TR8501|c5_g1	 NA
TR8501|c7_g1	 PF00145.14,DNA_methylase
TR8501|c9_g1	 NA
TR8502|c10_g1	 PF00782.17,DSPc
TR8502|c10_g3	 PF00782.17,DSPc
TR8502|c12_g1	 NA
TR8502|c20_g1	 NA
TR8502|c21_g1	 NA
TR8502|c25_g1	 NA
TR8502|c3_g1	 PF01529.17,zf-DHHC
TR8502|c4_g1	 NA
TR8502|c9_g2	 PF00881.21,Nitroreductase
TR8503|c13_g1	 NA
TR8503|c3_g1	 NA
TR8503|c3_g2	 NA
TR8503|c6_g1	 PF00098.20,zf-CCHC;PF00078.24,RVT_1
TR8503|c8_g1	 PF00498.23,FHA
TR8503|c9_g1	 PF00443.26,UCH
TR8503|c9_g2	 NA
TR8503|c9_g3	 PF00443.26,UCH
TR8504|c0_g2	 NA
TR8505|c11_g2	 NA
TR8505|c12_g1	 PF00084.17,Sushi;PF00084.17,Sushi
TR8505|c12_g2	 NA
TR8507|c2_g2	 NA
TR8507|c4_g2	 NA
TR8508|c2_g1	 PF12031.5,DUF3518
TR8508|c3_g1	 NA
TR8510|c0_g1	 NA
TR8510|c0_g2	 NA
TR8511|c10_g1	 NA
TR8511|c12_g1	 NA
TR8511|c2_g1	 PF00931.19,NB-ARC
TR8511|c2_g2	 PF00931.19,NB-ARC
TR8511|c6_g1	 NA
TR8511|c7_g1	 PF00067.19,p450
TR8512|c0_g1	 PF01138.18,RNase_PH;PF03725.12,RNase_PH_C
TR8512|c2_g1	 PF00293.25,NUDIX
TR8512|c3_g1	 NA
TR8513|c13_g1	 NA
TR8513|c16_g1	 NA
TR8513|c2_g2	 PF09739.6,MCM_bind
TR8513|c3_g2	 NA
TR8513|c7_g1	 NA
TR8513|c7_g3	 NA
TR8514|c16_g1	 NA
TR8514|c2_g2	 NA
TR8514|c3_g1	 NA
TR8514|c4_g1	 NA
TR8514|c5_g1	 NA
TR8514|c5_g2	 NA
TR8514|c6_g1	 PF15862.2,Coilin_N
TR8514|c6_g2	 NA
TR8514|c7_g2	 PF00041.18,fn3
TR8514|c7_g4	 NA
TR8514|c8_g1	 NA
TR8514|c9_g1	 NA
TR8515|c14_g1	 NA
TR8515|c15_g1	 NA
TR8515|c17_g1	 NA
TR8515|c22_g1	 NA
TR8515|c3_g2	 PF02892.12,zf-BED
TR8515|c4_g1	 NA
TR8515|c6_g2	 NA
TR8515|c7_g1	 NA
TR8515|c8_g1	 PF12799.4,LRR_4;PF13855.3,LRR_8;PF13855.3,LRR_8;PF13855.3,LRR_8
TR8516|c0_g1	 NA
TR8516|c4_g1	 NA
TR8516|c6_g2	 PF05190.15,MutS_IV;PF00488.18,MutS_V
TR8516|c8_g1	 PF02295.14,z-alpha;PF02295.14,z-alpha;PF02295.14,z-alpha;PF00035.23,dsrm;PF02137.15,A_deamin
TR8516|c9_g3	 NA
TR8516|c9_g4	 NA
TR8517|c2_g2	 PF13424.3,TPR_12;PF13424.3,TPR_12;PF13424.3,TPR_12
TR8518|c5_g1	 NA
TR8518|c5_g2	 NA
TR8518|c5_g4	 NA
TR8518|c9_g1	 NA
TR8519|c0_g1	 NA
TR8519|c1_g1	 NA
TR8519|c1_g2	 NA
TR8519|c2_g1	 NA
TR8519|c3_g2	 NA
TR8519|c3_g3	 NA
TR8519|c4_g1	 NA
TR8519|c4_g2	 NA
TR8519|c5_g1	 NA
TR8519|c6_g1	 NA
TR8520|c10_g1	 NA
TR8520|c12_g1	 NA
TR8520|c13_g1	 NA
TR8520|c14_g1	 NA
TR8520|c1_g1	 NA
TR8520|c3_g1	 NA
TR8520|c3_g2	 NA
TR8520|c4_g1	 NA
TR8520|c4_g3	 NA
TR8520|c6_g1	 NA
TR8521|c0_g1	 NA
TR8521|c10_g1	 NA
TR8521|c1_g2	 NA
TR8521|c4_g1	 NA
TR8521|c6_g1	 NA
TR8521|c7_g3	 NA
TR8521|c9_g1	 NA
TR8522|c0_g1	 NA
TR8523|c1_g2	 NA
TR8523|c2_g1	 PF05729.9,NACHT
TR8523|c2_g2	 PF13516.3,LRR_6;PF13516.3,LRR_6;PF13516.3,LRR_6;PF13516.3,LRR_6;PF13516.3,LRR_6
TR8524|c0_g1	 PF12796.4,Ank_2;PF13637.3,Ank_4;PF00536.27,SAM_1
TR8525|c1_g2	 NA
TR8525|c4_g1	 PF13415.3,Kelch_3
TR8525|c7_g1	 NA
TR8525|c8_g1	 NA
TR8526|c4_g1	 NA
TR8526|c7_g1	 NA
TR8526|c8_g1	 NA
TR8526|c9_g1	 NA
TR8527|c0_g1	 NA
TR8527|c1_g1	 NA
TR8527|c2_g1	 PF00092.25,VWA
TR8527|c2_g2	 PF00092.25,VWA
TR8527|c3_g1	 NA
TR8528|c2_g1	 PF07690.13,MFS_1
TR8528|c3_g1	 PF07818.10,HCNGP;PF13432.3,TPR_16
TR8529|c0_g1	 NA
TR8530|c1_g1	 PF00530.15,SRCR;PF00530.15,SRCR;PF00530.15,SRCR;PF00530.15,SRCR;PF00530.15,SRCR;PF00530.15,SRCR;PF00530.15,SRCR;PF00530.15,SRCR;PF00530.15,SRCR;PF00530.15,SRCR;PF00530.15,SRCR;PF00530.15,SRCR;PF00530.15,SRCR;PF00530.15,SRCR
TR8530|c2_g1	 PF00530.15,SRCR
TR8531|c3_g1	 PF13516.3,LRR_6
TR8532|c0_g2	 NA
TR8532|c3_g1	 PF03351.14,DOMON
TR8532|c6_g2	 NA
TR8532|c9_g1	 NA
TR8533|c0_g1	 NA
TR8533|c1_g1	 NA
TR8533|c1_g2	 NA
TR8534|c1_g1	 NA
TR8535|c7_g2	 NA
TR8535|c8_g2	 NA
TR8536|c0_g1	 PF00626.19,Gelsolin;PF00626.19,Gelsolin
TR8538|c5_g2	 PF01699.21,Na_Ca_ex
TR8539|c1_g1	 NA
TR8539|c2_g1	 NA
TR8539|c2_g2	 NA
TR8539|c6_g1	 NA
TR8540|c0_g1	 NA
TR8540|c2_g1	 NA
TR8540|c4_g1	 NA
TR8540|c5_g1	 PF00621.17,RhoGEF;PF00618.17,RasGEF_N;PF00617.16,RasGEF
TR8540|c6_g3	 NA
TR8540|c9_g1	 NA
TR8541|c0_g1	 PF00084.17,Sushi
TR8541|c0_g2	 PF13927.3,Ig_3;PF07679.13,I-set
TR8541|c0_g3	 PF07679.13,I-set
TR8541|c0_g5	 PF13895.3,Ig_2;PF13927.3,Ig_3;PF00047.22,ig
TR8542|c0_g1	 NA
TR8543|c0_g1	 NA
TR8543|c1_g1	 NA
TR8543|c2_g1	 NA
TR8543|c5_g1	 NA
TR8544|c2_g1	 NA
TR8545|c1_g2	 NA
TR8545|c4_g1	 NA
TR8546|c2_g1	 PF01602.17,Adaptin_N
TR8546|c4_g1	 NA
TR8547|c1_g1	 NA
TR8547|c1_g2	 NA
TR8548|c3_g1	 PF13516.3,LRR_6
TR8548|c4_g1	 PF13516.3,LRR_6;PF13516.3,LRR_6;PF13516.3,LRR_6;PF13516.3,LRR_6
TR8548|c7_g2	 NA
TR8549|c0_g2	 NA
TR8549|c1_g1	 NA
TR8549|c5_g1	 NA
TR8550|c3_g1	 PF12146.5,Hydrolase_4
TR8551|c0_g1	 NA
TR8551|c19_g1	 NA
TR8551|c1_g1	 PF00569.14,ZZ;PF05605.9,zf-Di19
TR8551|c3_g1	 NA
TR8551|c4_g2	 NA
TR8551|c5_g1	 NA
TR8551|c7_g1	 NA
TR8551|c9_g1	 PF00092.25,VWA
TR8552|c0_g2	 NA
TR8552|c4_g2	 NA
TR8552|c7_g1	 NA
TR8552|c7_g6	 NA
TR8552|c9_g1	 NA
TR8564|c0_g1	 NA
TR856|c0_g1	 PF12796.4,Ank_2
TR856|c0_g2	 PF12796.4,Ank_2
TR8574|c0_g1	 NA
TR8606|c0_g1	 NA
TR8615|c0_g1	 NA
TR8626|c0_g1	 NA
TR8630|c0_g1	 NA
TR8644|c0_g1	 NA
TR868|c0_g1	 PF13738.3,Pyr_redox_3
TR8718|c0_g1	 PF03959.10,FSH1
TR8748|c0_g1	 NA
TR875|c0_g1	 NA
TR8766|c0_g1	 PF04563.12,RNA_pol_Rpb2_1;PF04561.11,RNA_pol_Rpb2_2;PF04565.13,RNA_pol_Rpb2_3;PF04566.10,RNA_pol_Rpb2_4;PF04567.14,RNA_pol_Rpb2_5;PF00562.25,RNA_pol_Rpb2_6;PF04560.17,RNA_pol_Rpb2_7
TR877|c0_g1	 NA
TR877|c3_g1	 NA
TR8786|c0_g1	 NA
TR8794|c0_g1	 NA
TR87|c0_g1	 NA
TR8817|c0_g1	 NA
TR8836|c0_g1	 PF13516.3,LRR_6;PF13516.3,LRR_6;PF13516.3,LRR_6
TR8839|c0_g1	 NA
TR883|c0_g1	 NA
TR8843|c0_g1	 NA
TR8844|c0_g1	 NA
TR8875|c1_g1	 PF13843.3,DDE_Tnp_1_7
TR8887|c0_g1	 NA
TR8890|c0_g1	 NA
TR8890|c0_g2	 NA
TR8921|c0_g1	 NA
TR892|c1_g1	 PF13895.3,Ig_2
TR894|c0_g1	 NA
TR8953|c0_g1	 NA
TR8996|c0_g1	 PF00183.15,HSP90
TR89|c0_g1	 NA
TR9000|c0_g1	 NA
TR900|c0_g1	 NA
TR9026|c2_g1	 PF12796.4,Ank_2
TR9026|c3_g1	 NA
TR9027|c3_g1	 NA
TR9027|c3_g3	 NA
TR9027|c4_g1	 NA
TR9028|c0_g2	 NA
TR9029|c2_g2	 NA
TR9029|c2_g3	 NA
TR9029|c2_g4	 NA
TR9029|c3_g1	 NA
TR9029|c3_g2	 NA
TR902|c0_g1	 PF00665.23,rve
TR9030|c10_g1	 NA
TR9030|c1_g2	 NA
TR9030|c5_g1	 NA
TR9030|c5_g2	 NA
TR9030|c5_g3	 NA
TR9030|c6_g2	 NA
TR9030|c7_g1	 NA
TR9030|c8_g2	 PF04931.10,DNA_pol_phi;PF04931.10,DNA_pol_phi
TR9030|c9_g1	 PF00169.26,PH
TR9031|c1_g1	 NA
TR9031|c3_g1	 NA
TR9031|c7_g1	 NA
TR9032|c3_g1	 NA
TR9033|c16_g1	 NA
TR9033|c3_g1	 PF13432.3,TPR_16;PF14559.3,TPR_19;PF13432.3,TPR_16;PF13181.3,TPR_8
TR9033|c4_g1	 NA
TR9033|c7_g1	 NA
TR9034|c0_g1	 NA
TR9034|c4_g5	 NA
TR9034|c6_g1	 NA
TR9035|c16_g1	 NA
TR9035|c2_g1	 NA
TR9035|c4_g1	 NA
TR9035|c4_g2	 NA
TR9035|c9_g1	 NA
TR9036|c2_g1	 PF09262.8,PEX-1N;PF00004.26,AAA
TR9036|c3_g2	 NA
TR9036|c4_g1	 PF00076.19,RRM_1
TR9037|c0_g2	 PF00630.16,Filamin;PF01436.18,NHL
TR9037|c0_g3	 PF01436.18,NHL
TR9037|c0_g4	 PF00643.21,zf-B_box
TR9040|c0_g1	 NA
TR9041|c0_g1	 NA
TR9041|c0_g2	 NA
TR9041|c11_g1	 PF00155.18,Aminotran_1_2
TR9041|c12_g1	 PF00128.21,Alpha-amylase
TR9041|c12_g2	 PF00128.21,Alpha-amylase
TR9041|c4_g2	 NA
TR9041|c8_g1	 NA
TR9043|c0_g1	 NA
TR9044|c0_g1	 NA
TR9045|c0_g2	 NA
TR9045|c5_g1	 PF08454.8,RIH_assoc
TR9046|c0_g2	 NA
TR9047|c0_g1	 NA
TR9047|c0_g2	 NA
TR9047|c4_g2	 NA
TR9047|c5_g1	 PF00864.16,P2X_receptor
TR9047|c5_g2	 PF00864.16,P2X_receptor
TR9047|c6_g2	 PF00864.16,P2X_receptor
TR9047|c6_g4	 NA
TR9048|c16_g1	 NA
TR9048|c6_g3	 NA
TR9048|c8_g2	 PF00656.19,Peptidase_C14
TR9048|c9_g1	 NA
TR9049|c1_g1	 NA
TR9049|c2_g1	 NA
TR9049|c3_g1	 NA
TR9050|c0_g1	 PF00564.21,PB1
TR9051|c18_g1	 NA
TR9051|c1_g1	 NA
TR9051|c5_g1	 NA
TR9051|c7_g1	 NA
TR9052|c3_g1	 NA
TR9053|c10_g1	 NA
TR9053|c3_g1	 NA
TR9053|c4_g1	 NA
TR9053|c5_g1	 NA
TR9053|c6_g1	 NA
TR9055|c1_g1	 NA
TR9055|c3_g1	 NA
TR9055|c3_g3	 PF13516.3,LRR_6
TR9055|c6_g1	 NA
TR9057|c1_g1	 NA
TR9057|c1_g2	 PF08246.9,Inhibitor_I29;PF00112.20,Peptidase_C1
TR9058|c0_g3	 NA
TR9060|c0_g1	 NA
TR9060|c13_g1	 NA
TR9060|c7_g3	 NA
TR9060|c8_g1	 NA
TR9061|c3_g1	 NA
TR9061|c5_g2	 PF08393.10,DHC_N2;PF12774.4,AAA_6
TR9061|c6_g1	 NA
TR9061|c6_g2	 NA
TR9061|c8_g1	 PF06071.10,YchF-GTPase_C;PF01926.20,MMR_HSR1
TR9062|c0_g2	 NA
TR9062|c1_g1	 PF00899.18,ThiF;PF14732.3,UAE_UbL;PF00810.15,ER_lumen_recept
TR9062|c2_g1	 NA
TR9063|c0_g1	 NA
TR9063|c3_g1	 PF17125.2,Methyltr_RsmF_N;PF01189.14,Methyltr_RsmB-F
TR9063|c4_g1	 NA
TR9063|c4_g3	 NA
TR9063|c4_g4	 NA
TR9063|c5_g1	 PF03200.13,Glyco_hydro_63
TR9063|c5_g2	 NA
TR9063|c7_g1	 NA
TR9064|c0_g1	 PF08246.9,Inhibitor_I29;PF00112.20,Peptidase_C1
TR9065|c14_g1	 NA
TR9065|c16_g1	 NA
TR9065|c1_g2	 NA
TR9065|c20_g1	 NA
TR9065|c3_g1	 PF14124.3,DUF4291
TR9065|c5_g3	 NA
TR9065|c6_g2	 NA
TR9066|c0_g1	 PF04548.13,AIG1
TR9067|c2_g2	 NA
TR9068|c11_g1	 PF00892.17,EamA;PF00892.17,EamA
TR9068|c13_g1	 PF00017.21,SH2;PF08416.10,PTB;PF00225.20,Kinesin
TR9068|c13_g2	 PF00899.18,ThiF;PF00130.19,C1_1;PF00102.24,Y_phosphatase;PF10409.6,PTEN_C2
TR9068|c15_g1	 NA
TR9068|c18_g1	 NA
TR9068|c1_g1	 NA
TR9068|c3_g1	 NA
TR9068|c5_g2	 NA
TR9068|c8_g1	 NA
TR9068|c8_g2	 NA
TR9068|c9_g2	 PF01566.15,Nramp
TR9069|c0_g2	 PF07714.14,Pkinase_Tyr
TR9069|c11_g1	 NA
TR9069|c12_g1	 NA
TR9069|c18_g1	 NA
TR9069|c3_g1	 NA
TR9069|c4_g3	 NA
TR9069|c6_g2	 NA
TR9069|c8_g1	 NA
TR9070|c0_g1	 NA
TR9072|c0_g1	 NA
TR9072|c1_g1	 NA
TR9072|c1_g3	 NA
TR9073|c12_g1	 NA
TR9074|c11_g1	 NA
TR9074|c11_g2	 NA
TR9074|c1_g2	 NA
TR9074|c7_g2	 NA
TR9074|c8_g1	 NA
TR9074|c9_g1	 NA
TR9075|c19_g1	 NA
TR9075|c20_g1	 NA
TR9075|c2_g3	 NA
TR9075|c3_g1	 NA
TR9075|c6_g1	 NA
TR9075|c9_g1	 NA
TR9076|c4_g1	 NA
TR9076|c4_g2	 NA
TR9076|c5_g2	 PF00078.24,RVT_1
TR9076|c6_g1	 NA
TR9077|c0_g2	 NA
TR9078|c0_g1	 NA
TR9078|c2_g1	 NA
TR9078|c4_g1	 NA
TR9078|c5_g1	 NA
TR9079|c1_g1	 NA
TR9079|c2_g1	 NA
TR9080|c0_g1	 NA
TR9080|c0_g2	 NA
TR9080|c1_g1	 PF07714.14,Pkinase_Tyr
TR9082|c3_g1	 NA
TR9082|c4_g1	 NA
TR9082|c4_g2	 PF02174.14,IRS;PF02204.15,VPS9
TR9082|c5_g1	 NA
TR9082|c9_g1	 NA
TR9083|c1_g2	 NA
TR9084|c2_g1	 PF09588.7,YqaJ;PF02338.16,OTU
TR9085|c0_g1	 PF07679.13,I-set;PF00102.24,Y_phosphatase;PF00102.24,Y_phosphatase
TR9086|c10_g1	 NA
TR9086|c11_g1	 NA
TR9086|c1_g1	 NA
TR9086|c6_g3	 NA
TR9086|c8_g1	 NA
TR9087|c10_g1	 NA
TR9087|c1_g1	 NA
TR9087|c6_g1	 NA
TR9087|c7_g1	 PF07258.11,HCaRG
TR9087|c8_g1	 PF02798.17,GST_N;PF00043.22,GST_C;PF00647.16,EF1G
TR9087|c9_g1	 NA
TR9087|c9_g3	 PF00995.20,Sec1
TR9088|c0_g1	 PF00416.19,Ribosomal_S13
TR9089|c12_g1	 NA
TR9089|c16_g1	 PF00530.15,SRCR;PF00530.15,SRCR
TR9089|c17_g1	 NA
TR9089|c19_g1	 NA
TR9089|c21_g1	 NA
TR908|c0_g1	 NA
TR9091|c11_g1	 NA
TR9091|c11_g2	 PF03160.11,Calx-beta;PF03160.11,Calx-beta
TR9091|c14_g2	 PF03160.11,Calx-beta;PF03160.11,Calx-beta
TR9091|c16_g1	 NA
TR9091|c1_g1	 PF03160.11,Calx-beta;PF03160.11,Calx-beta
TR9091|c3_g1	 PF03160.11,Calx-beta;PF03160.11,Calx-beta;PF03160.11,Calx-beta;PF03160.11,Calx-beta
TR9091|c3_g2	 PF03160.11,Calx-beta;PF03160.11,Calx-beta;PF03160.11,Calx-beta;PF03160.11,Calx-beta
TR9091|c9_g1	 PF03160.11,Calx-beta;PF03160.11,Calx-beta
TR9092|c1_g1	 NA
TR9092|c1_g3	 PF02019.15,WIF
TR9094|c3_g1	 NA
TR9094|c7_g1	 NA
TR9095|c0_g1	 PF15711.2,ILEI;PF03071.12,GNT-I
TR9096|c4_g1	 NA
TR9097|c3_g1	 NA
TR9097|c7_g1	 NA
TR9098|c0_g1	 NA
TR9098|c11_g1	 PF13855.3,LRR_8;PF08477.10,Roc;PF16095.2,COR;PF00069.22,Pkinase
TR9098|c11_g2	 PF13855.3,LRR_8;PF08477.10,Roc;PF16095.2,COR;PF00069.22,Pkinase
TR9098|c4_g1	 NA
TR9098|c5_g1	 NA
TR9099|c1_g2	 NA
TR9099|c4_g1	 NA
TR9100|c0_g1	 PF12660.4,zf-TFIIIC
TR9100|c0_g3	 PF12657.4,TFIIIC_delta
TR9101|c0_g1	 PF03909.14,BSD
TR9102|c1_g1	 PF00665.23,rve;PF00078.24,RVT_1
TR9102|c1_g3	 NA
TR9103|c0_g1	 PF03134.16,TB2_DP1_HVA22
TR9103|c1_g1	 NA
TR9104|c0_g2	 PF09379.7,FERM_N;PF00373.15,FERM_M
TR9104|c0_g3	 NA
TR9105|c2_g1	 NA
TR9105|c2_g2	 NA
TR9105|c4_g1	 NA
TR9105|c6_g2	 NA
TR9105|c6_g3	 NA
TR9105|c7_g1	 NA
TR9105|c7_g3	 NA
TR9105|c7_g4	 PF05225.13,HTH_psq;PF03184.16,DDE_1
TR9105|c7_g5	 NA
TR9106|c0_g1	 NA
TR9106|c0_g2	 NA
TR9106|c0_g3	 NA
TR9107|c3_g1	 PF05729.9,NACHT;PF13516.3,LRR_6;PF13516.3,LRR_6;PF13516.3,LRR_6
TR9107|c4_g1	 PF13516.3,LRR_6;PF13516.3,LRR_6;PF13516.3,LRR_6
TR9108|c3_g1	 PF00069.22,Pkinase;PF16095.2,COR
TR9108|c4_g1	 NA
TR9108|c6_g1	 PF07714.14,Pkinase_Tyr;PF01344.22,Kelch_1
TR9108|c7_g1	 NA
TR9109|c2_g1	 NA
TR9109|c2_g2	 NA
TR9110|c1_g1	 NA
TR9110|c3_g1	 NA
TR9111|c10_g1	 NA
TR9111|c18_g1	 NA
TR9111|c20_g1	 NA
TR9111|c25_g1	 NA
TR9111|c8_g1	 NA
TR9111|c9_g1	 PF13424.3,TPR_12
TR9111|c9_g2	 PF12895.4,ANAPC3;PF13432.3,TPR_16
TR9112|c3_g1	 PF02789.14,Peptidase_M17_N;PF00883.18,Peptidase_M17
TR9112|c5_g1	 NA
TR9112|c6_g2	 NA
TR9113|c0_g1	 NA
TR9114|c3_g1	 NA
TR9115|c3_g1	 PF01545.18,Cation_efflux
TR9116|c1_g1	 PF15294.3,Leu_zip
TR9116|c2_g1	 PF00225.20,Kinesin
TR9117|c0_g1	 NA
TR9117|c12_g1	 NA
TR9117|c12_g2	 PF00400.29,WD40;PF00400.29,WD40
TR9117|c4_g1	 PF00589.19,Phage_integrase;PF02899.14,Phage_int_SAM_1
TR9117|c8_g1	 NA
TR9118|c10_g1	 NA
TR9118|c14_g1	 NA
TR9118|c3_g1	 NA
TR9118|c8_g1	 NA
TR9118|c8_g3	 NA
TR9118|c9_g1	 PF01412.15,ArfGap
TR9118|c9_g2	 NA
TR9119|c3_g1	 NA
TR9119|c7_g3	 NA
TR9120|c2_g2	 NA
TR9120|c3_g1	 NA
TR9120|c3_g2	 NA
TR9120|c4_g2	 NA
TR9120|c7_g1	 NA
TR9121|c1_g1	 PF00665.23,rve;PF00078.24,RVT_1
TR9123|c10_g1	 NA
TR9123|c14_g1	 NA
TR9123|c17_g1	 NA
TR9123|c2_g1	 NA
TR9123|c7_g3	 NA
TR9123|c7_g6	 NA
TR9124|c6_g1	 PF00240.20,ubiquitin;PF00240.20,ubiquitin;PF00240.20,ubiquitin
TR9134|c0_g1	 NA
TR913|c0_g1	 PF00076.19,RRM_1
TR9144|c0_g1	 PF04733.11,Coatomer_E
TR9144|c0_g2	 PF04733.11,Coatomer_E
TR9145|c0_g1	 NA
TR9146|c0_g1	 NA
TR9157|c0_g1	 NA
TR9177|c2_g1	 NA
TR9177|c2_g3	 NA
TR9177|c5_g1	 NA
TR9177|c5_g2	 NA
TR9177|c6_g1	 NA
TR9177|c7_g1	 NA
TR9178|c0_g1	 PF08719.8,DUF1768
TR9178|c2_g1	 NA
TR9178|c2_g3	 PF04811.12,Sec23_trunk;PF08033.9,Sec23_BS;PF04815.12,Sec23_helical
TR9179|c10_g4	 NA
TR9179|c11_g1	 NA
TR9179|c13_g1	 NA
TR9179|c21_g1	 NA
TR9179|c5_g3	 NA
TR9179|c6_g1	 PF08246.9,Inhibitor_I29;PF00112.20,Peptidase_C1
TR9180|c0_g1	 NA
TR9180|c2_g1	 PF00400.29,WD40
TR9180|c3_g1	 NA
TR9181|c3_g1	 NA
TR9181|c4_g1	 NA
TR9181|c5_g1	 NA
TR9181|c5_g2	 NA
TR9181|c6_g1	 NA
TR9181|c6_g2	 NA
TR9181|c6_g3	 PF00899.18,ThiF;PF00899.18,ThiF;PF08825.7,E2_bind
TR9181|c7_g1	 NA
TR9181|c9_g1	 NA
TR9182|c11_g1	 NA
TR9182|c12_g1	 NA
TR9182|c15_g1	 NA
TR9182|c3_g1	 NA
TR9182|c8_g1	 NA
TR9183|c11_g1	 NA
TR9183|c2_g1	 NA
TR9183|c4_g2	 NA
TR9183|c5_g1	 NA
TR9183|c6_g1	 NA
TR9184|c10_g1	 PF00240.20,ubiquitin;PF00240.20,ubiquitin;PF00240.20,ubiquitin;PF07714.14,Pkinase_Tyr
TR9184|c10_g2	 NA
TR9184|c12_g1	 PF00240.20,ubiquitin;PF00240.20,ubiquitin;PF00240.20,ubiquitin;PF00240.20,ubiquitin
TR9184|c13_g1	 NA
TR9184|c2_g2	 NA
TR9184|c6_g2	 PF00240.20,ubiquitin;PF00240.20,ubiquitin
TR9185|c0_g1	 NA
TR9186|c12_g1	 NA
TR9186|c16_g1	 NA
TR9186|c4_g2	 NA
TR9186|c5_g1	 NA
TR9186|c5_g2	 NA
TR9186|c5_g3	 NA
TR9186|c6_g1	 PF08487.7,VIT;PF00092.25,VWA
TR9186|c8_g1	 NA
TR9187|c0_g1	 NA
TR9187|c1_g1	 PF00067.19,p450
TR9188|c2_g1	 PF03810.16,IBN_N;PF08389.9,Xpo1
TR9188|c3_g2	 PF16172.2,DOCK_N;PF14429.3,DOCK-C2;PF06920.10,DHR-2
TR9188|c3_g3	 PF00018.25,SH3_1;PF16172.2,DOCK_N
TR9189|c0_g1	 PF02141.18,DENN
TR9189|c0_g2	 PF03456.15,uDENN
TR9189|c0_g4	 PF06602.11,Myotub-related
TR9189|c0_g5	 PF00169.26,PH
TR9189|c0_g6	 PF12335.5,SBF2
TR9191|c11_g1	 NA
TR9191|c14_g1	 PF00583.22,Acetyltransf_1;PF07047.9,OPA3
TR9191|c14_g2	 PF00583.22,Acetyltransf_1;PF07047.9,OPA3
TR9191|c15_g1	 NA
TR9191|c18_g1	 NA
TR9191|c5_g2	 NA
TR9191|c6_g1	 NA
TR9191|c7_g2	 PF00078.24,RVT_1;PF00078.24,RVT_1
TR9191|c8_g2	 NA
TR9192|c4_g1	 NA
TR9192|c4_g2	 NA
TR9192|c5_g2	 NA
TR9192|c5_g3	 NA
TR9192|c6_g1	 PF03160.11,Calx-beta;PF03160.11,Calx-beta;PF03160.11,Calx-beta
TR9193|c0_g1	 NA
TR9193|c11_g1	 NA
TR9193|c1_g1	 NA
TR9193|c3_g1	 NA
TR9193|c5_g3	 NA
TR9193|c8_g1	 NA
TR9194|c19_g1	 NA
TR9194|c20_g1	 NA
TR9194|c2_g1	 PF00717.20,Peptidase_S24;PF10502.6,Peptidase_S26
TR9194|c4_g1	 PF05600.9,DUF773
TR9194|c5_g1	 NA
TR9195|c2_g1	 NA
TR9195|c4_g1	 NA
TR9196|c0_g2	 NA
TR9196|c1_g1	 NA
TR9196|c5_g1	 NA
TR9196|c5_g2	 NA
TR9196|c8_g1	 NA
TR9196|c8_g4	 NA
TR9197|c0_g1	 NA
TR9197|c11_g1	 NA
TR9197|c16_g1	 NA
TR9197|c3_g1	 PF10523.6,BEN
TR9197|c6_g1	 NA
TR9197|c9_g1	 NA
TR9198|c1_g1	 PF00047.22,ig
TR9198|c3_g1	 NA
TR9199|c2_g1	 NA
TR9199|c3_g1	 NA
TR9199|c5_g1	 NA
TR9200|c11_g1	 NA
TR9200|c4_g1	 NA
TR9200|c6_g2	 NA
TR9200|c6_g3	 NA
TR9200|c6_g4	 NA
TR9200|c7_g1	 PF14529.3,Exo_endo_phos_2
TR9200|c7_g2	 NA
TR9200|c7_g4	 NA
TR9201|c1_g2	 NA
TR9201|c1_g3	 PF16095.2,COR
TR9202|c1_g1	 PF00092.25,VWA
TR9202|c2_g2	 NA
TR9202|c5_g2	 PF06119.11,NIDO
TR9203|c10_g2	 NA
TR9203|c12_g1	 NA
TR9203|c19_g1	 NA
TR9203|c1_g1	 NA
TR9203|c6_g1	 NA
TR9203|c8_g1	 NA
TR9203|c9_g1	 NA
TR9204|c20_g1	 NA
TR9204|c4_g1	 NA
TR9204|c5_g1	 NA
TR9204|c6_g1	 NA
TR9204|c7_g1	 NA
TR9204|c8_g1	 NA
TR9204|c8_g2	 NA
TR9204|c8_g3	 NA
TR9204|c9_g1	 NA
TR9204|c9_g3	 NA
TR9206|c0_g2	 NA
TR9206|c11_g1	 NA
TR9206|c6_g1	 NA
TR9206|c7_g1	 NA
TR9206|c8_g1	 NA
TR9207|c2_g3	 PF00076.19,RRM_1;PF00076.19,RRM_1
TR9208|c2_g1	 PF01826.14,TIL;PF00094.22,VWD;PF08742.8,C8
TR9208|c2_g2	 PF01826.14,TIL;PF00047.22,ig
TR9208|c2_g3	 PF07679.13,I-set
TR9208|c2_g4	 PF00094.22,VWD;PF08742.8,C8;PF01826.14,TIL;PF00094.22,VWD
TR9209|c11_g1	 NA
TR9209|c5_g1	 NA
TR9210|c2_g1	 PF00665.23,rve
TR9210|c4_g1	 NA
TR9210|c7_g1	 NA
TR9210|c8_g1	 NA
TR9211|c0_g1	 PF05224.9,NDT80_PhoG;PF13884.3,Peptidase_S74;PF13887.3,MRF_C1
TR9211|c0_g2	 NA
TR9211|c2_g1	 NA
TR9211|c5_g1	 NA
TR9211|c6_g1	 NA
TR9213|c0_g1	 NA
TR9213|c1_g1	 NA
TR9213|c1_g2	 NA
TR9214|c0_g1	 NA
TR9214|c17_g1	 NA
TR9214|c1_g1	 NA
TR9214|c3_g1	 NA
TR9214|c5_g2	 NA
TR9214|c6_g1	 NA
TR9214|c9_g1	 NA
TR9215|c0_g1	 NA
TR9215|c1_g1	 PF13041.3,PPR_2;PF13812.3,PPR_3;PF01535.17,PPR
TR9215|c5_g1	 NA
TR9215|c6_g3	 NA
TR9215|c7_g1	 NA
TR9215|c7_g3	 NA
TR9215|c7_g4	 PF00012.17,HSP70
TR9216|c10_g2	 PF00817.17,IMS;PF11798.5,IMS_HHH;PF11799.5,IMS_C;PF00817.17,IMS
TR9216|c11_g1	 NA
TR9216|c3_g1	 PF13895.3,Ig_2
TR9216|c7_g1	 PF03160.11,Calx-beta;PF03160.11,Calx-beta;PF03160.11,Calx-beta
TR9216|c8_g1	 NA
TR9217|c20_g1	 NA
TR9217|c3_g1	 NA
TR9217|c3_g2	 NA
TR9217|c7_g3	 NA
TR9217|c9_g1	 NA
TR9219|c12_g1	 NA
TR9219|c13_g1	 NA
TR9219|c5_g1	 PF00400.29,WD40
TR9219|c9_g1	 NA
TR9220|c0_g2	 NA
TR9220|c7_g1	 PF05729.9,NACHT
TR9221|c3_g1	 NA
TR9221|c4_g1	 NA
TR9222|c3_g1	 PF01253.19,SUI1;PF03024.11,Folate_rec;PF07995.8,GSDH
TR9223|c0_g1	 PF01839.20,FG-GAP;PF08441.9,Integrin_alpha2;PF00362.15,Integrin_beta
TR9223|c0_g2	 PF01839.20,FG-GAP;PF08441.9,Integrin_alpha2;PF00362.15,Integrin_beta
TR9223|c6_g2	 NA
TR9223|c7_g1	 NA
TR9224|c10_g1	 NA
TR9224|c6_g1	 NA
TR9224|c9_g3	 NA
TR9225|c2_g1	 NA
TR9225|c4_g1	 NA
TR9225|c5_g2	 PF00400.29,WD40;PF00400.29,WD40;PF00400.29,WD40;PF12894.4,ANAPC4_WD40
TR9225|c6_g3	 PF01369.17,Sec7
TR9225|c7_g1	 NA
TR9225|c8_g1	 NA
TR9226|c3_g1	 NA
TR9226|c3_g2	 NA
TR9226|c5_g3	 PF07714.14,Pkinase_Tyr
TR9226|c9_g1	 NA
TR9227|c11_g1	 NA
TR9227|c19_g1	 NA
TR9227|c2_g1	 NA
TR9227|c4_g2	 NA
TR9227|c7_g1	 NA
TR9227|c8_g1	 PF00118.21,Cpn60_TCP1
TR9228|c3_g1	 NA
TR9228|c4_g2	 NA
TR9228|c6_g1	 NA
TR9229|c6_g1	 NA
TR9230|c0_g2	 NA
TR9230|c1_g1	 PF00339.26,Arrestin_N;PF02752.19,Arrestin_C
TR9230|c2_g1	 NA
TR9231|c2_g1	 PF00782.17,DSPc
TR9231|c8_g1	 NA
TR9232|c12_g1	 NA
TR9232|c4_g1	 PF00665.23,rve;PF02902.16,Peptidase_C48
TR9232|c6_g1	 NA
TR9233|c2_g1	 PF00665.23,rve
TR9234|c0_g1	 PF00621.17,RhoGEF
TR9234|c0_g3	 PF00621.17,RhoGEF;PF00620.24,RhoGAP
TR9236|c0_g1	 NA
TR9236|c0_g3	 PF10350.6,DUF2428
TR9236|c1_g1	 PF10350.6,DUF2428
TR9236|c1_g2	 NA
TR9237|c4_g1	 NA
TR9237|c6_g1	 PF00069.22,Pkinase
TR9237|c7_g2	 NA
TR9239|c11_g2	 NA
TR9239|c12_g1	 NA
TR9239|c15_g1	 NA
TR9239|c18_g1	 NA
TR9239|c20_g1	 NA
TR9239|c21_g1	 NA
TR9239|c4_g1	 NA
TR9239|c6_g2	 NA
TR9239|c9_g1	 PF03009.14,GDPD
TR9240|c11_g1	 NA
TR9240|c14_g1	 NA
TR9240|c2_g3	 NA
TR9240|c3_g1	 NA
TR9240|c3_g6	 NA
TR9240|c3_g7	 NA
TR9241|c0_g2	 NA
TR9241|c10_g1	 NA
TR9241|c5_g1	 NA
TR9241|c7_g2	 PF11416.5,Syntaxin-5_N;PF05739.16,SNARE
TR9241|c7_g3	 NA
TR9241|c8_g1	 NA
TR9242|c12_g1	 NA
TR9242|c3_g1	 PF08454.8,RIH_assoc
TR9242|c4_g1	 PF08709.8,Ins145_P3_rec;PF02815.16,MIR;PF01365.18,RYDR_ITPR;PF01365.18,RYDR_ITPR;PF08454.8,RIH_assoc
TR9242|c9_g1	 NA
TR9243|c1_g1	 PF00160.18,Pro_isomerase
TR9243|c1_g2	 PF00160.18,Pro_isomerase
TR9243|c2_g2	 PF00078.24,RVT_1
TR9243|c2_g3	 NA
TR9243|c4_g1	 NA
TR9244|c1_g2	 NA
TR9244|c2_g1	 NA
TR9244|c6_g2	 NA
TR9244|c8_g1	 PF03160.11,Calx-beta;PF03160.11,Calx-beta;PF03160.11,Calx-beta;PF03351.14,DOMON;PF03160.11,Calx-beta;PF03160.11,Calx-beta;PF03160.11,Calx-beta;PF03160.11,Calx-beta;PF13895.3,Ig_2;PF13927.3,Ig_3;PF16489.2,GAIN;PF01825.18,GPS
TR9245|c3_g1	 PF14911.3,MMS22L_C
TR9245|c3_g2	 PF14910.3,MMS22L_N;PF14910.3,MMS22L_N
TR9246|c0_g1	 NA
TR9246|c11_g1	 NA
TR9246|c6_g3	 PF00454.24,PI3_PI4_kinase;PF02260.17,FATC
TR9246|c8_g1	 NA
TR9247|c1_g1	 PF00090.16,TSP_1;PF00090.16,TSP_1;PF00090.16,TSP_1;PF00090.16,TSP_1;PF00090.16,TSP_1;PF00090.16,TSP_1;PF00090.16,TSP_1;PF00090.16,TSP_1;PF07645.12,EGF_CA;PF02412.15,TSP_3;PF02412.15,TSP_3;PF02412.15,TSP_3;PF02412.15,TSP_3;PF02412.15,TSP_3;PF02412.15,TSP_3;PF02412.15,TSP_3;PF05735.9,TSP_C
TR9247|c2_g1	 PF02460.15,Patched
TR9248|c1_g1	 NA
TR9248|c1_g3	 NA
TR9248|c2_g1	 NA
TR9248|c4_g1	 NA
TR9248|c4_g2	 PF00078.24,RVT_1
TR9248|c4_g3	 NA
TR9248|c4_g4	 NA
TR9248|c4_g6	 NA
TR9248|c4_g8	 PF02817.14,E3_binding
TR9249|c3_g1	 NA
TR9249|c4_g1	 PF05406.12,WGR
TR9249|c5_g1	 PF08063.9,PADR1;PF00645.15,zf-PARP;PF00645.15,zf-PARP
TR9249|c7_g1	 NA
TR9251|c13_g1	 NA
TR9251|c2_g1	 NA
TR9251|c6_g1	 PF05185.13,PRMT5
TR9251|c7_g1	 NA
TR9252|c0_g1	 NA
TR9252|c11_g2	 PF08627.7,CRT-like
TR9252|c12_g1	 NA
TR9252|c13_g1	 NA
TR9252|c16_g1	 NA
TR9252|c17_g1	 NA
TR9252|c19_g1	 PF12796.4,Ank_2;PF12796.4,Ank_2;PF12796.4,Ank_2;PF13637.3,Ank_4
TR9252|c2_g1	 NA
TR9252|c2_g2	 NA
TR9252|c5_g3	 NA
TR9252|c7_g1	 NA
TR9252|c7_g2	 NA
TR9253|c4_g2	 PF00055.14,Laminin_N;PF00053.21,Laminin_EGF;PF00053.21,Laminin_EGF;PF00053.21,Laminin_EGF;PF00053.21,Laminin_EGF;PF00053.21,Laminin_EGF;PF00053.21,Laminin_EGF;PF00053.21,Laminin_EGF;PF00053.21,Laminin_EGF
TR9253|c6_g1	 PF07888.8,CALCOCO1
TR9253|c6_g2	 NA
TR9253|c7_g1	 PF00010.23,HLH
TR9253|c7_g3	 NA
TR9253|c9_g1	 NA
TR9254|c0_g1	 NA
TR9254|c3_g1	 PF05746.12,DALR_1
TR9255|c0_g1	 NA
TR9255|c0_g5	 PF01833.21,TIG;PF01833.21,TIG
TR9256|c1_g1	 NA
TR9256|c2_g1	 NA
TR9258|c1_g2	 NA
TR9258|c2_g1	 NA
TR9258|c3_g1	 NA
TR9259|c3_g1	 PF03160.11,Calx-beta;PF03160.11,Calx-beta
TR9259|c3_g2	 PF02014.13,Reeler
TR9259|c3_g3	 NA
TR9259|c4_g1	 NA
TR9260|c0_g1	 PF00179.23,UQ_con
TR9260|c10_g1	 NA
TR9260|c15_g1	 NA
TR9260|c4_g1	 NA
TR9260|c5_g2	 NA
TR9261|c13_g1	 NA
TR9261|c6_g2	 NA
TR9261|c8_g1	 NA
TR9261|c9_g2	 NA
TR9263|c3_g1	 NA
TR9264|c5_g1	 NA
TR9264|c8_g1	 NA
TR9265|c2_g1	 NA
TR9266|c0_g1	 NA
TR9266|c0_g2	 NA
TR9266|c3_g1	 NA
TR9266|c3_g3	 NA
TR9266|c5_g3	 NA
TR9266|c6_g1	 NA
TR9266|c8_g1	 NA
TR9267|c2_g2	 PF00630.16,Filamin;PF00307.28,CH;PF00307.28,CH;PF00307.28,CH
TR9267|c4_g3	 PF00630.16,Filamin;PF00630.16,Filamin;PF00630.16,Filamin;PF00630.16,Filamin;PF00630.16,Filamin;PF00630.16,Filamin;PF00630.16,Filamin
TR9268|c1_g1	 NA
TR9268|c1_g2	 NA
TR9268|c3_g1	 PF00282.16,Pyridoxal_deC
TR9269|c2_g1	 NA
TR9269|c2_g3	 PF00076.19,RRM_1;PF03399.13,SAC3_GANP
TR9270|c13_g1	 NA
TR9270|c14_g2	 NA
TR9270|c15_g1	 NA
TR9270|c16_g1	 NA
TR9270|c1_g2	 NA
TR9270|c21_g1	 NA
TR9271|c1_g1	 NA
TR9272|c2_g1	 NA
TR9273|c0_g1	 NA
TR9273|c2_g2	 NA
TR9273|c2_g5	 PF00443.26,UCH
TR9274|c2_g2	 NA
TR9274|c2_g3	 PF01448.21,ELM2
TR9275|c10_g1	 NA
TR9275|c13_g1	 NA
TR9275|c1_g1	 PF00003.19,7tm_3
TR9275|c5_g1	 NA
TR9275|c8_g1	 PF00003.19,7tm_3
TR9275|c9_g1	 NA
TR9276|c0_g1	 NA
TR9276|c1_g1	 NA
TR9276|c2_g1	 NA
TR9276|c2_g3	 NA
TR9276|c3_g1	 NA
TR927|c0_g1	 PF01833.21,TIG
TR929|c0_g1	 NA
TR930|c0_g3	 NA
TR9330|c0_g1	 NA
TR9343|c0_g1	 PF01922.14,SRP19
TR9394|c0_g2	 PF00079.17,Serpin
TR9402|c0_g2	 NA
TR9402|c1_g1	 PF00929.21,RNase_T
TR9402|c2_g1	 NA
TR9402|c5_g1	 NA
TR9403|c1_g1	 NA
TR9403|c1_g3	 PF01369.17,Sec7;PF15410.3,PH_9
TR9403|c2_g3	 PF00612.24,IQ;PF00612.24,IQ;PF00612.24,IQ;PF00612.24,IQ;PF00612.24,IQ;PF00612.24,IQ;PF00612.24,IQ;PF00612.24,IQ;PF00612.24,IQ;PF00612.24,IQ;PF00612.24,IQ;PF00612.24,IQ;PF00612.24,IQ;PF00612.24,IQ;PF00612.24,IQ;PF00612.24,IQ;PF00612.24,IQ;PF00612.24,IQ;PF00612.24,IQ;PF00612.24,IQ;PF00612.24,IQ;PF00612.24,IQ
TR9404|c2_g1	 NA
TR9404|c2_g2	 NA
TR9404|c2_g3	 NA
TR9404|c2_g4	 PF10513.6,EPL1
TR9405|c11_g1	 PF00168.27,C2
TR9405|c13_g1	 NA
TR9405|c4_g1	 NA
TR9405|c4_g2	 NA
TR9405|c5_g1	 NA
TR9405|c6_g2	 NA
TR9405|c8_g1	 PF00397.23,WW;PF00397.23,WW;PF00397.23,WW;PF00632.22,HECT
TR9405|c9_g2	 NA
TR9405|c9_g3	 PF00270.26,DEAD;PF00271.28,Helicase_C
TR9405|c9_g4	 NA
TR9405|c9_g5	 PF00035.23,dsrm
TR9406|c0_g1	 NA
TR9406|c10_g1	 NA
TR9406|c12_g1	 NA
TR9406|c5_g1	 NA
TR9407|c3_g1	 NA
TR9407|c6_g1	 PF10193.6,Telomere_reg-2
TR9407|c8_g1	 NA
TR9407|c8_g2	 NA
TR9408|c0_g1	 NA
TR9408|c10_g1	 NA
TR9408|c11_g1	 NA
TR9408|c1_g2	 NA
TR9409|c12_g1	 NA
TR9409|c1_g2	 NA
TR9409|c3_g1	 NA
TR9409|c4_g1	 NA
TR9409|c5_g2	 NA
TR9409|c5_g3	 NA
TR9409|c7_g1	 NA
TR9409|c7_g2	 PF01266.21,DAO;PF01266.21,DAO
TR9409|c9_g1	 NA
TR940|c0_g1	 PF00041.18,fn3
TR9410|c0_g1	 NA
TR9410|c4_g1	 PF00022.16,Actin;PF00022.16,Actin
TR9410|c6_g1	 PF00465.16,Fe-ADH
TR9410|c6_g2	 PF00465.16,Fe-ADH
TR9410|c9_g1	 NA
TR9411|c0_g1	 NA
TR9411|c5_g1	 PF00258.22,Flavodoxin_1;PF04055.18,Radical_SAM
TR9411|c5_g2	 NA
TR9412|c0_g1	 NA
TR9412|c0_g2	 NA
TR9412|c10_g1	 NA
TR9412|c12_g2	 NA
TR9412|c9_g1	 NA
TR9412|c9_g2	 NA
TR9413|c2_g1	 NA
TR9414|c10_g1	 NA
TR9414|c7_g2	 NA
TR9414|c8_g1	 PF00270.26,DEAD;PF00271.28,Helicase_C;PF13234.3,rRNA_proc-arch;PF08148.9,DSHCT
TR9416|c1_g1	 NA
TR9416|c3_g3	 PF14228.3,MOR2-PAG1_mid;PF14228.3,MOR2-PAG1_mid;PF14228.3,MOR2-PAG1_mid;PF14228.3,MOR2-PAG1_mid
TR9416|c4_g3	 NA
TR9417|c12_g1	 NA
TR9417|c2_g1	 NA
TR9417|c3_g1	 NA
TR9417|c5_g1	 NA
TR9417|c5_g2	 NA
TR9417|c7_g1	 PF08729.7,HUN;PF14075.3,UBN_AB
TR9417|c8_g1	 NA
TR9417|c9_g1	 PF00069.22,Pkinase;PF00780.19,CNH
TR9418|c12_g1	 PF13927.3,Ig_3
TR9418|c2_g1	 NA
TR9418|c6_g1	 NA
TR9418|c8_g3	 NA
TR9418|c8_g4	 PF03160.11,Calx-beta;PF13927.3,Ig_3;PF13927.3,Ig_3
TR9418|c8_g5	 NA
TR9419|c4_g1	 PF01217.17,Clat_adaptor_s;PF00928.18,Adap_comp_sub
TR9419|c5_g1	 PF09337.7,zf-H2C2;PF00665.23,rve;PF00078.24,RVT_1;PF02023.14,SCAN
TR9419|c7_g1	 NA
TR9419|c8_g1	 NA
TR9420|c3_g2	 NA
TR9420|c4_g3	 NA
TR9420|c4_g4	 NA
TR9421|c0_g2	 PF00069.22,Pkinase
TR9421|c1_g1	 PF00169.26,PH;PF02759.16,RUN;PF14604.3,SH3_9
TR9422|c0_g1	 NA
TR9422|c1_g1	 NA
TR9423|c0_g1	 NA
TR9423|c1_g1	 NA
TR9423|c1_g2	 NA
TR9423|c5_g2	 PF00041.18,fn3
TR9423|c6_g1	 PF00069.22,Pkinase
TR9423|c7_g1	 NA
TR9423|c7_g2	 NA
TR9424|c0_g1	 NA
TR9424|c0_g2	 NA
TR9424|c2_g1	 PF00078.24,RVT_1
TR9424|c2_g2	 NA
TR9424|c6_g1	 NA
TR9425|c0_g1	 NA
TR9425|c0_g2	 NA
TR9425|c10_g1	 NA
TR9425|c12_g1	 NA
TR9425|c1_g1	 NA
TR9425|c23_g1	 NA
TR9425|c6_g1	 PF00854.18,PTR2
TR9425|c7_g1	 NA
TR9425|c8_g1	 PF03619.13,Solute_trans_a
TR9425|c9_g2	 NA
TR9427|c3_g2	 NA
TR9428|c11_g1	 PF00071.19,Ras
TR9428|c11_g2	 NA
TR9428|c13_g1	 NA
TR9428|c18_g1	 NA
TR9428|c6_g1	 NA
TR9429|c2_g1	 PF03607.14,DCX;PF03607.14,DCX
TR9429|c2_g2	 NA
TR9429|c2_g3	 PF00069.22,Pkinase
TR9430|c0_g1	 PF05729.9,NACHT
TR9432|c12_g1	 NA
TR9432|c4_g1	 NA
TR9432|c9_g1	 NA
TR9434|c2_g2	 NA
TR9434|c3_g1	 NA
TR9434|c3_g2	 PF00338.19,Ribosomal_S10
TR9434|c4_g2	 PF13892.3,DBINO;PF00176.20,SNF2_N
TR9435|c0_g2	 NA
TR9435|c2_g1	 NA
TR9435|c3_g1	 NA
TR9435|c6_g1	 NA
TR9435|c6_g2	 NA
TR9435|c7_g1	 NA
TR9437|c10_g2	 PF06119.11,NIDO;PF00092.25,VWA
TR9437|c13_g1	 PF06119.11,NIDO;PF12661.4,hEGF;PF12661.4,hEGF
TR9437|c7_g1	 PF00092.25,VWA;PF00047.22,ig;PF00092.25,VWA
TR9437|c7_g2	 PF00092.25,VWA;PF00047.22,ig;PF00092.25,VWA
TR9437|c9_g1	 PF00092.25,VWA
TR9437|c9_g4	 PF00092.25,VWA
TR9438|c2_g2	 NA
TR9438|c5_g1	 NA
TR9439|c10_g1	 NA
TR9439|c11_g1	 NA
TR9439|c13_g1	 NA
TR9439|c2_g1	 NA
TR9439|c4_g1	 PF08700.8,Vps51
TR9439|c6_g1	 NA
TR9439|c7_g1	 NA
TR9439|c8_g1	 NA
TR9441|c2_g1	 NA
TR9442|c12_g2	 NA
TR9442|c12_g3	 NA
TR9442|c14_g1	 PF00397.23,WW;PF00397.23,WW;PF01846.16,FF;PF01846.16,FF;PF01846.16,FF
TR9442|c16_g1	 NA
TR9442|c17_g1	 NA
TR9442|c18_g1	 NA
TR9442|c2_g1	 NA
TR9442|c4_g1	 NA
TR9442|c9_g1	 NA
TR9443|c0_g1	 NA
TR9443|c4_g2	 PF00080.17,Sod_Cu;PF00080.17,Sod_Cu;PF00080.17,Sod_Cu;PF00018.25,SH3_1;PF00018.25,SH3_1;PF00018.25,SH3_1
TR9443|c8_g1	 NA
TR9443|c9_g1	 NA
TR9445|c0_g1	 NA
TR9446|c1_g1	 NA
TR9446|c2_g2	 PF14808.3,TMEM164
TR9446|c4_g1	 PF04840.9,Vps16_C
TR9446|c5_g2	 PF00535.23,Glycos_transf_2
TR9446|c7_g1	 NA
TR9446|c9_g1	 NA
TR9448|c2_g1	 NA
TR9448|c3_g1	 NA
TR9448|c4_g2	 NA
TR9448|c7_g1	 NA
TR9448|c9_g1	 NA
TR9449|c1_g1	 NA
TR9449|c1_g2	 PF00531.19,Death;PF00531.19,Death
TR9449|c1_g3	 PF05729.9,NACHT
TR9449|c2_g1	 PF13606.3,Ank_3;PF12796.4,Ank_2;PF13637.3,Ank_4
TR9450|c4_g1	 PF00106.22,adh_short
TR9450|c5_g1	 NA
TR9450|c6_g1	 PF00106.22,adh_short
TR9450|c9_g1	 NA
TR9451|c3_g1	 NA
TR9451|c4_g2	 PF08154.9,NLE;PF00400.29,WD40;PF00400.29,WD40;PF00400.29,WD40;PF00400.29,WD40;PF00400.29,WD40;PF00400.29,WD40;PF00400.29,WD40
TR9451|c6_g1	 NA
TR9451|c7_g1	 PF00892.17,EamA
TR9452|c3_g2	 NA
TR9452|c5_g1	 NA
TR9452|c6_g1	 PF10250.6,O-FucT
TR9453|c12_g1	 NA
TR9453|c13_g1	 NA
TR9453|c4_g1	 NA
TR9453|c9_g1	 NA
TR9454|c0_g2	 NA
TR9454|c1_g1	 NA
TR9454|c5_g1	 NA
TR9455|c1_g2	 NA
TR9456|c14_g1	 NA
TR9456|c16_g1	 NA
TR9456|c17_g1	 NA
TR9456|c18_g1	 NA
TR9456|c19_g1	 NA
TR9456|c22_g1	 NA
TR9456|c29_g1	 NA
TR9456|c5_g2	 NA
TR9456|c6_g1	 NA
TR9456|c7_g1	 NA
TR9456|c8_g2	 NA
TR9456|c9_g2	 NA
TR9457|c0_g1	 PF01595.17,DUF21
TR9457|c10_g1	 NA
TR9457|c12_g2	 NA
TR9457|c23_g1	 NA
TR9457|c5_g1	 PF00536.27,SAM_1;PF00536.27,SAM_1
TR9457|c6_g1	 PF05793.9,TFIIF_alpha
TR9457|c6_g2	 PF05793.9,TFIIF_alpha
TR9457|c6_g3	 PF05793.9,TFIIF_alpha
TR9457|c7_g1	 NA
TR9457|c8_g1	 PF02746.13,MR_MLE_N;PF13378.3,MR_MLE_C
TR9457|c9_g1	 PF00854.18,PTR2;PF00854.18,PTR2;PF00854.18,PTR2;PF12796.4,Ank_2;PF12796.4,Ank_2
TR9458|c11_g1	 NA
TR9458|c13_g1	 NA
TR9458|c1_g1	 NA
TR9458|c4_g1	 NA
TR9458|c7_g1	 PF15477.3,SMAP
TR9458|c9_g1	 NA
TR9459|c3_g2	 NA
TR9459|c3_g3	 NA
TR9459|c4_g1	 NA
TR9459|c5_g1	 NA
TR9459|c5_g2	 NA
TR9459|c6_g1	 NA
TR9459|c9_g1	 NA
TR9460|c2_g1	 NA
TR9460|c7_g1	 PF00069.22,Pkinase
TR9461|c1_g1	 NA
TR9461|c3_g2	 NA
TR9462|c11_g1	 NA
TR9462|c12_g1	 NA
TR9462|c2_g1	 NA
TR9462|c2_g2	 NA
TR9462|c6_g1	 NA
TR9462|c7_g1	 NA
TR9462|c8_g2	 NA
TR9463|c2_g1	 NA
TR9463|c2_g3	 NA
TR9464|c0_g1	 NA
TR9464|c10_g2	 NA
TR9464|c11_g1	 NA
TR9464|c13_g1	 NA
TR9464|c2_g1	 NA
TR9464|c5_g1	 NA
TR9464|c7_g2	 NA
TR9465|c6_g2	 NA
TR9465|c6_g3	 NA
TR9465|c7_g1	 PF14655.3,RAB3GAP2_N;PF14656.3,RAB3GAP2_C
TR9466|c0_g1	 PF03104.16,DNA_pol_B_exo1;PF00136.18,DNA_pol_B;PF14260.3,zf-C4pol
TR9467|c0_g2	 NA
TR9467|c11_g2	 NA
TR9467|c12_g3	 NA
TR9467|c12_g4	 NA
TR9467|c13_g1	 NA
TR9467|c20_g1	 NA
TR9468|c0_g1	 NA
TR9468|c11_g1	 NA
TR9468|c15_g1	 NA
TR9468|c17_g1	 NA
TR9469|c13_g1	 NA
TR9469|c15_g1	 NA
TR9469|c1_g1	 NA
TR9469|c5_g1	 PF00106.22,adh_short
TR9470|c0_g1	 NA
TR9470|c0_g2	 NA
TR9470|c2_g1	 NA
TR9471|c2_g1	 NA
TR9471|c2_g2	 PF00071.19,Ras
TR9472|c1_g1	 NA
TR9472|c1_g3	 PF00626.19,Gelsolin
TR9472|c1_g5	 NA
TR9473|c15_g1	 NA
TR9474|c0_g3	 PF00665.23,rve
TR9474|c1_g1	 NA
TR9474|c2_g1	 NA
TR9474|c3_g1	 NA
TR9475|c2_g1	 NA
TR9475|c3_g1	 NA
TR9475|c4_g1	 NA
TR9475|c5_g3	 PF00665.23,rve
TR9475|c6_g1	 PF00098.20,zf-CCHC;PF00078.24,RVT_1
TR9476|c3_g1	 NA
TR9476|c4_g1	 NA
TR9477|c0_g1	 NA
TR9477|c5_g1	 NA
TR9477|c7_g1	 PF02415.14,Chlam_PMP;PF02415.14,Chlam_PMP
TR9477|c7_g7	 NA
TR9478|c1_g2	 NA
TR9478|c2_g1	 NA
TR9478|c6_g1	 NA
TR9479|c0_g2	 PF15902.2,Sortilin-Vps10;PF15901.2,Sortilin_C
TR9479|c0_g3	 PF00041.18,fn3
TR9480|c0_g1	 NA
TR9480|c6_g1	 PF00002.21,7tm_2
TR9480|c7_g1	 NA
TR9480|c8_g1	 PF00041.18,fn3;PF16489.2,GAIN;PF01825.18,GPS;PF00002.21,7tm_2
TR9481|c1_g1	 NA
TR9481|c5_g1	 NA
TR9481|c6_g1	 PF00078.24,RVT_1;PF14529.3,Exo_endo_phos_2
TR9481|c6_g2	 PF10551.6,MULE;PF04434.14,SWIM
TR9481|c6_g3	 PF03101.12,FAR1
TR9482|c0_g1	 NA
TR9483|c0_g2	 PF03184.16,DDE_1
TR9484|c10_g1	 NA
TR9484|c11_g1	 NA
TR9484|c2_g2	 PF10551.6,MULE
TR9484|c4_g1	 NA
TR9484|c6_g1	 PF04178.9,Got1
TR9484|c9_g1	 NA
TR9484|c9_g2	 NA
TR9485|c2_g1	 NA
TR9485|c6_g1	 PF00102.24,Y_phosphatase;PF00102.24,Y_phosphatase
TR9485|c9_g1	 NA
TR9486|c12_g1	 PF00476.17,DNA_pol_A
TR9486|c13_g1	 PF08449.8,UAA
TR9486|c14_g1	 NA
TR9486|c9_g1	 NA
TR9487|c0_g3	 PF00688.15,TGFb_propeptide;PF00019.17,TGF_beta
TR9488|c1_g1	 NA
TR9488|c2_g1	 NA
TR9488|c3_g1	 NA
TR9488|c5_g1	 NA
TR9488|c7_g1	 NA
TR9489|c11_g1	 NA
TR9489|c3_g1	 NA
TR9489|c6_g1	 NA
TR9489|c9_g1	 NA
TR9490|c0_g1	 PF01391.15,Collagen;PF01391.15,Collagen;PF01391.15,Collagen
TR9491|c1_g1	 NA
TR9491|c2_g1	 NA
TR9491|c4_g1	 PF00665.23,rve;PF00078.24,RVT_1
TR9492|c0_g1	 NA
TR9492|c3_g1	 NA
TR9492|c4_g1	 PF00012.17,HSP70;PF00012.17,HSP70
TR9493|c2_g1	 NA
TR9495|c4_g1	 NA
TR9495|c6_g2	 PF00931.19,NB-ARC;PF13424.3,TPR_12;PF13374.3,TPR_10
TR9496|c4_g1	 PF00400.29,WD40;PF00400.29,WD40;PF00400.29,WD40
TR9497|c0_g1	 PF01751.19,Toprim;PF01131.17,Topoisom_bac;PF06839.9,zf-GRF;PF06839.9,zf-GRF
TR9499|c10_g1	 NA
TR9499|c10_g2	 NA
TR9499|c11_g1	 NA
TR9499|c11_g3	 PF14604.3,SH3_9
TR9499|c12_g1	 NA
TR9499|c20_g1	 NA
TR9499|c27_g1	 NA
TR9499|c6_g1	 PF13793.3,Pribosyltran_N;PF14572.3,Pribosyl_synth
TR9499|c7_g1	 PF12796.4,Ank_2;PF13637.3,Ank_4;PF00018.25,SH3_1
TR9499|c8_g1	 PF13923.3,zf-C3HC4_2
TR9499|c8_g2	 NA
TR94|c0_g1	 NA
TR9500|c2_g1	 NA
TR9500|c2_g2	 PF10174.6,Cast
TR9500|c3_g1	 NA
TR9501|c3_g1	 NA
TR9502|c0_g2	 PF02167.12,Cytochrom_C1
TR9505|c0_g1	 NA
TR9508|c0_g1	 NA
TR9510|c0_g1	 PF01530.15,zf-C2HC;PF01853.15,MOZ_SAS
TR9518|c0_g2	 PF13092.3,CENP-L
TR951|c1_g1	 NA
TR951|c2_g1	 NA
TR9523|c0_g1	 NA
TR9524|c0_g1	 PF00078.24,RVT_1;PF00665.23,rve;PF00078.24,RVT_1
TR952|c0_g1	 NA
TR9534|c0_g1	 PF00856.25,SET
TR9534|c1_g2	 PF02493.17,MORN;PF02493.17,MORN;PF02493.17,MORN;PF02493.17,MORN
TR9537|c0_g1	 NA
TR9539|c0_g1	 NA
TR953|c0_g1	 PF16477.2,DUF5054
TR9540|c0_g1	 NA
TR9545|c0_g2	 PF13499.3,EF-hand_7
TR9548|c0_g1	 NA
TR9549|c2_g1	 NA
TR9550|c0_g1	 NA
TR9553|c0_g1	 PF00531.19,Death;PF00531.19,Death
TR9554|c0_g2	 PF00078.24,RVT_1;PF00665.23,rve
TR9556|c0_g1	 NA
TR9556|c0_g2	 NA
TR9559|c0_g2	 NA
TR9559|c0_g4	 NA
TR9560|c0_g1	 NA
TR9561|c0_g1	 PF05485.9,THAP;PF13359.3,DDE_Tnp_4
TR9562|c0_g1	 NA
TR9563|c0_g1	 NA
TR9563|c0_g2	 PF00248.18,Aldo_ket_red
TR9567|c1_g1	 PF00531.19,Death
TR9568|c0_g1	 PF13516.3,LRR_6;PF13516.3,LRR_6;PF13516.3,LRR_6;PF13516.3,LRR_6;PF13516.3,LRR_6;PF13516.3,LRR_6;PF13516.3,LRR_6;PF13516.3,LRR_6
TR9569|c1_g1	 NA
TR9575|c0_g2	 PF01344.22,Kelch_1;PF01344.22,Kelch_1;PF01344.22,Kelch_1
TR9576|c0_g1	 NA
TR9579|c0_g2	 NA
TR9584|c0_g2	 NA
TR9585|c0_g2	 NA
TR9585|c0_g3	 PF14497.3,GST_C_3
TR9586|c0_g1	 NA
TR9587|c0_g1	 PF10520.6,TMEM189_B_dmain
TR9594|c0_g1	 NA
TR9610|c2_g1	 NA
TR9622|c0_g1	 NA
TR9629|c0_g1	 PF00101.17,RuBisCO_small
TR965|c1_g1	 NA
TR9665|c0_g1	 NA
TR968|c0_g1	 PF00027.26,cNMP_binding;PF00027.26,cNMP_binding;PF00069.22,Pkinase
TR972|c0_g1	 PF00012.17,HSP70
TR9732|c0_g1	 NA
TR9735|c0_g1	 NA
TR9736|c0_g1	 NA
TR9739|c1_g1	 PF13516.3,LRR_6;PF13855.3,LRR_8
TR9759|c0_g1	 NA
TR9762|c0_g1	 NA
TR976|c0_g1	 NA
TR9778|c1_g1	 NA
TR9780|c1_g1	 PF13358.3,DDE_3
TR9787|c1_g1	 PF00254.25,FKBP_C
TR9818|c0_g1	 NA
TR982|c1_g1	 NA
TR983|c5_g1	 NA
TR9843|c0_g1	 NA
TR9886|c0_g1	 NA
TR988|c2_g1	 NA
TR9893|c0_g1	 PF14559.3,TPR_19
TR9893|c0_g2	 PF06424.9,PRP1_N
TR9895|c0_g1	 PF05679.13,CHGN
TR9896|c10_g1	 NA
TR9896|c1_g2	 NA
TR9896|c22_g1	 NA
TR9896|c6_g2	 PF13895.3,Ig_2;PF13895.3,Ig_2;PF13927.3,Ig_3
TR9896|c9_g2	 NA
TR9898|c0_g1	 PF00590.17,TP_methylase
TR9899|c1_g1	 PF11559.5,ADIP
TR9899|c2_g1	 NA
TR989|c0_g1	 PF13917.3,zf-CCHC_3
TR989|c1_g1	 PF00795.19,CN_hydrolase
TR9900|c0_g1	 NA
TR9900|c1_g1	 PF04376.10,ATE_N
TR9902|c0_g1	 NA
TR9902|c1_g1	 PF06480.12,FtsH_ext;PF00004.26,AAA;PF01434.15,Peptidase_M41
TR9902|c1_g2	 PF06480.12,FtsH_ext;PF00004.26,AAA
TR9902|c4_g1	 NA
TR9904|c3_g1	 NA
TR9904|c3_g3	 NA
TR9904|c4_g2	 NA
TR9904|c5_g1	 PF08409.8,DUF1736;PF13432.3,TPR_16;PF13374.3,TPR_10;PF13424.3,TPR_12
TR9905|c0_g1	 NA
TR9906|c0_g1	 PF14959.3,GSAP-16
TR9908|c0_g1	 NA
TR9908|c0_g3	 NA
TR990|c0_g1	 NA
TR9910|c2_g1	 NA
TR9910|c3_g1	 NA
TR9911|c0_g1	 PF00400.29,WD40;PF00400.29,WD40
TR9913|c0_g2	 PF07690.13,MFS_1
TR9914|c0_g2	 PF00514.20,Arm;PF00514.20,Arm;PF00514.20,Arm;PF00514.20,Arm;PF00514.20,Arm
TR9914|c0_g3	 NA
TR9914|c1_g1	 NA
TR9915|c1_g1	 PF09329.8,zf-primase;PF09332.8,Mcm10
TR9915|c2_g1	 NA
TR9916|c0_g1	 PF13927.3,Ig_3;PF07679.13,I-set;PF13927.3,Ig_3;PF13927.3,Ig_3;PF07714.14,Pkinase_Tyr
TR9916|c0_g2	 NA
TR9917|c3_g1	 NA
TR9917|c3_g2	 NA
TR9919|c0_g1	 PF00028.14,Cadherin;PF00028.14,Cadherin
TR9919|c1_g2	 PF00028.14,Cadherin;PF00028.14,Cadherin
TR991|c0_g1	 NA
TR991|c0_g2	 PF13964.3,Kelch_6;PF13418.3,Kelch_4;PF13854.3,Kelch_5
TR9920|c0_g1	 PF09416.7,UPF1_Zn_bind;PF13245.3,AAA_19;PF13086.3,AAA_11;PF13087.3,AAA_12
TR9920|c0_g2	 NA
TR9921|c1_g1	 NA
TR9921|c2_g1	 PF00023.27,Ank;PF07724.11,AAA_2
TR9922|c0_g3	 PF04097.11,Nic96
TR9923|c0_g1	 NA
TR9924|c0_g1	 PF00520.28,Ion_trans
TR9925|c0_g1	 NA
TR9926|c1_g1	 PF07647.14,SAM_2;PF00788.20,RA;PF00169.26,PH;PF04909.11,Amidohydro_2;PF00071.19,Ras
TR9926|c2_g1	 NA
TR9929|c0_g1	 NA
TR9929|c1_g1	 NA
TR992|c1_g1	 NA
TR9930|c10_g1	 PF00179.23,UQ_con
TR9930|c1_g1	 NA
TR9930|c4_g1	 NA
TR9930|c4_g3	 NA
TR9930|c8_g1	 NA
TR9932|c0_g1	 PF00266.16,Aminotran_5;PF01171.17,ATP_bind_3;PF00266.16,Aminotran_5
TR9933|c0_g1	 NA
TR9936|c0_g1	 NA
TR9936|c0_g2	 NA
TR9937|c0_g1	 NA
TR9937|c2_g2	 NA
TR9938|c0_g1	 PF00001.18,7tm_1
TR993|c0_g1	 NA
TR9940|c0_g1	 PF12309.5,KBP_C
TR9940|c0_g2	 PF12309.5,KBP_C
TR9942|c0_g1	 PF13015.3,PRKCSH_1
TR9945|c0_g1	 PF05729.9,NACHT
TR9946|c13_g1	 NA
TR9946|c2_g1	 NA
TR9949|c0_g1	 NA
TR9949|c0_g2	 NA
TR9950|c0_g1	 PF08719.8,DUF1768
TR9950|c0_g2	 PF08719.8,DUF1768
TR9951|c2_g2	 PF03712.12,Cu2_monoox_C
TR9952|c0_g1	 NA
TR9954|c1_g1	 NA
TR9955|c0_g2	 NA
TR9956|c0_g1	 PF00170.18,bZIP_1
TR9957|c0_g1	 NA
TR9957|c0_g2	 NA
TR9957|c2_g1	 NA
TR9957|c3_g1	 NA
TR9957|c4_g1	 NA
TR9960|c0_g3	 NA
TR9960|c0_g4	 NA
TR9960|c0_g5	 NA
TR9961|c0_g1	 PF04031.10,Las1
TR9962|c0_g2	 PF00664.20,ABC_membrane
TR9962|c4_g1	 PF00664.20,ABC_membrane
TR9962|c4_g2	 PF00664.20,ABC_membrane
TR9962|c4_g4	 PF00664.20,ABC_membrane
TR9965|c0_g2	 NA
TR9965|c1_g1	 NA
TR9966|c2_g3	 NA
TR9967|c0_g1	 PF13445.3,zf-RING_UBOX;PF02176.15,zf-TRAF;PF02176.15,zf-TRAF
TR996|c0_g1	 NA
TR9970|c0_g1	 NA
TR9970|c2_g1	 NA
TR9971|c10_g1	 NA
TR9971|c11_g1	 NA
TR9971|c12_g1	 NA
TR9971|c14_g1	 NA
TR9971|c15_g1	 NA
TR9971|c3_g2	 NA
TR9971|c4_g1	 NA
TR9971|c6_g2	 NA
TR9971|c7_g1	 PF00004.26,AAA
TR9971|c7_g2	 PF00004.26,AAA
TR9971|c8_g1	 NA
TR9971|c9_g1	 NA
TR9972|c0_g1	 NA
TR9972|c1_g1	 NA
TR9975|c0_g1	 PF05380.10,Peptidase_A17
TR9975|c0_g2	 PF00098.20,zf-CCHC;PF05585.9,DUF1758
TR9975|c0_g3	 NA
TR9975|c1_g1	 NA
TR9976|c0_g1	 PF00069.22,Pkinase
TR9978|c0_g1	 PF17098.2,Wtap
TR9979|c0_g1	 PF14968.3,CCDC84
TR9979|c1_g1	 PF00736.16,EF1_GNE
TR9980|c5_g3	 NA
TR9981|c0_g1	 PF07699.10,Ephrin_rec_like
TR9981|c0_g2	 PF07699.10,Ephrin_rec_like
TR9982|c3_g2	 PF09380.7,FERM_C
TR9982|c3_g4	 PF09379.7,FERM_N
TR9984|c0_g1	 PF14802.3,TMEM192
TR9986|c0_g1	 PF00589.19,Phage_integrase;PF00078.24,RVT_1
TR9986|c2_g2	 NA
TR9987|c0_g1	 PF15870.2,EloA-BP1
TR9990|c0_g1	 PF08221.8,HTH_9
TR9991|c0_g1	 PF01661.18,Macro;PF13716.3,CRAL_TRIO_2
TR9|c0_g1	 NA
